fall
213.0 287.0 
213.0 287.0 
213.0 287.0 
213.0 287.0 
213.0 287.0 
292.55136 318.18005 
246.2557 317.6554 
297.9937 349.97253 
227.60777 349.1261 
213.0 287.0 
223.44652 377.11166 
282.9493 375.1756 
251.51135 377.55237 
293.65894 418.32593 
255.9848 423.8814 
286.439 462.2296 
262.09967 469.0852 
211.0 287.0 
211.0 287.0 
211.0 287.0 
211.0 287.0 
211.0 287.0 
291.77118 319.1285 
248.11958 316.80344 
297.29196 351.24646 
226.0918 345.95282 
211.0 287.0 
223.58626 377.22214 
280.93713 374.15195 
252.72507 377.20905 
292.32892 413.47913 
255.66977 422.05884 
288.2019 461.2521 
262.9363 468.8537 
210.0 289.0 
210.0 289.0 
210.0 289.0 
210.0 289.0 
210.0 289.0 
291.54892 322.22852 
245.28815 318.01822 
294.75482 354.5136 
222.90312 343.75677 
210.0 289.0 
220.09053 376.30963 
280.17603 374.27982 
249.52856 376.71982 
290.83478 411.98462 
255.2056 419.36206 
289.0979 456.7939 
263.63757 467.82504 
208.0 299.0 
208.0 299.0 
208.0 299.0 
208.0 299.0 
208.0 299.0 
289.28162 323.68787 
246.3843 318.86456 
295.5851 352.03238 
221.49597 343.8229 
208.0 299.0 
216.10352 377.30176 
279.3234 373.81494 
250.47134 376.98962 
288.93875 417.22845 
254.86676 420.7488 
293.36383 463.2928 
263.64954 467.2084 
197.0 302.0 
197.0 302.0 
197.0 302.0 
197.0 302.0 
197.0 302.0 
197.0 302.0 
245.14912 321.93655 
197.0 302.0 
220.8982 346.095 
197.0 302.0 
197.0 302.0 
276.94485 378.67206 
249.95285 378.58557 
285.94052 418.0333 
254.27477 425.0598 
294.4339 458.8513 
262.6979 468.31305 
194.0 306.0 
194.0 306.0 
194.0 306.0 
194.0 306.0 
194.0 306.0 
290.59485 336.10547 
248.03021 328.3468 
295.26575 362.08292 
219.07437 352.00787 
290.12933 376.16934 
207.59999 376.60803 
279.5133 384.32318 
251.29619 384.7409 
287.68417 424.44836 
253.62955 428.9042 
297.14667 465.8392 
263.04767 473.98798 
186.0 317.0 
186.0 317.0 
186.0 317.0 
186.0 317.0 
186.0 317.0 
288.46243 340.92648 
244.2444 337.3713 
295.60785 367.64572 
216.99713 358.5745 
289.3294 381.00482 
203.91861 380.19135 
279.149 386.84314 
249.85391 387.39435 
288.94208 426.58112 
253.3652 429.36255 
298.2306 466.2317 
263.3687 474.42316 
185.0 321.0 
185.0 321.0 
185.0 321.0 
185.0 321.0 
185.0 321.0 
288.7822 348.2073 
243.10098 345.70648 
294.11816 376.4181 
214.94788 366.76312 
185.0 321.0 
201.80156 386.60403 
279.15845 387.2421 
249.54535 385.90643 
289.17017 425.0201 
251.03613 427.40988 
298.7143 461.21106 
263.09534 474.30444 
186.0 324.0 
186.0 324.0 
186.0 324.0 
186.0 324.0 
186.0 324.0 
186.0 324.0 
239.42392 353.40952 
186.0 324.0 
214.17885 375.7537 
186.0 324.0 
201.78036 398.2953 
186.0 324.0 
250.42834 389.2736 
186.0 324.0 
251.16104 427.58102 
186.0 324.0 
263.8228 475.13782 
191.0 337.0 
191.0 337.0 
191.0 337.0 
191.0 337.0 
191.0 337.0 
290.3868 372.0699 
241.13081 378.3484 
191.0 337.0 
191.0 337.0 
191.0 337.0 
191.0 337.0 
282.5691 388.45963 
250.29607 386.2806 
292.06006 429.92886 
249.81705 431.7955 
309.11194 464.10107 
264.0876 478.27502 
