walk
929.7518 366.60608 
935.86414 362.0273 
924.964 361.14798 
947.64734 350.66098 
915.31006 353.2287 
960.8055 375.20575 
898.02185 367.30734 
972.2509 422.65472 
880.85535 405.8247 
959.8491 464.94095 
879.4227 441.2581 
938.93274 457.43213 
903.3049 451.50534 
936.93005 514.0427 
907.21405 505.6109 
939.6372 571.4601 
918.37854 541.7047 
929.28955 366.78967 
935.7057 361.27863 
923.9911 360.78098 
946.9541 352.33353 
915.2468 352.8601 
959.42065 375.2831 
897.75604 367.84814 
972.0337 423.1463 
881.2399 405.53735 
957.6449 464.1307 
879.4402 441.79605 
939.86053 456.41724 
903.24774 453.7705 
936.8322 517.4446 
906.0063 503.92316 
938.92114 573.345 
918.27606 541.7212 
929.5091 367.1247 
935.5729 362.02902 
924.1933 361.29816 
947.411 350.9464 
914.24786 352.61337 
960.14215 375.60928 
897.84204 367.1518 
971.1072 423.3268 
886.9695 406.27417 
957.8801 465.06653 
879.7182 441.3864 
938.4959 454.12097 
902.9912 450.2021 
936.73486 517.2646 
903.61993 505.12634 
939.3586 573.03625 
919.12103 541.0788 
928.01764 367.43103 
934.21564 361.99152 
923.225 360.9922 
945.6378 352.86774 
913.95435 352.92004 
958.90967 376.24664 
897.5237 367.3835 
969.5786 424.71014 
884.28656 406.7285 
955.43756 464.4004 
879.24414 441.77878 
938.75946 459.32294 
902.8334 454.9407 
936.6647 517.588 
902.02527 509.7456 
938.71924 573.24146 
917.5587 542.4573 
926.9263 367.10733 
932.89417 362.14523 
922.17615 361.28235 
944.25226 351.8061 
912.6576 352.2364 
957.81946 376.8628 
898.7602 365.92883 
968.37286 425.85675 
887.94745 406.03705 
953.9795 466.76456 
880.04395 441.36774 
936.75366 459.90475 
901.4894 455.19058 
937.98285 519.4287 
900.2457 511.19528 
938.9724 571.72833 
916.8127 541.42145 
925.4511 367.71594 
930.9119 363.03076 
920.6086 361.93933 
943.7619 352.4637 
910.99634 352.35147 
958.8078 377.43594 
896.9986 368.16663 
967.8317 427.02075 
884.09717 407.04108 
953.30817 467.2278 
881.9655 441.036 
937.3064 459.91132 
901.31525 455.07236 
937.222 519.7957 
897.8147 511.28363 
939.82104 572.99304 
916.63916 542.0867 
922.8281 367.6974 
928.85175 362.6538 
917.86194 361.9046 
940.81006 353.09766 
908.97363 352.51657 
955.08044 379.10938 
894.6733 367.57837 
966.5636 427.29047 
881.02264 407.27225 
952.0206 468.02594 
878.9976 442.27692 
934.86285 462.90842 
900.2772 458.01202 
937.0602 521.5864 
896.0691 513.7336 
939.12445 575.22437 
915.5515 544.2276 
919.59045 368.59622 
925.70825 363.77908 
915.37366 362.732 
938.1069 357.13654 
906.7172 353.38583 
955.327 378.36646 
893.87866 370.20575 
965.3143 427.66656 
887.22284 409.8219 
951.4817 468.4898 
880.8586 443.28442 
936.6458 456.63516 
900.30444 455.53174 
936.3193 517.8745 
893.6416 515.5012 
938.9553 575.6839 
912.3385 547.1389 
918.3248 368.82587 
923.78955 363.72952 
912.691 363.0724 
937.273 353.84903 
904.9813 352.93762 
951.8966 379.38855 
891.1966 371.65182 
963.24164 429.71103 
883.37213 413.12692 
949.1078 469.96906 
879.16797 445.1057 
933.7762 459.8648 
897.3905 459.25244 
936.0198 518.9735 
891.44464 517.8149 
938.8662 575.1051 
910.30695 552.4811 
911.1033 364.45142 
918.60956 360.0693 
907.5229 357.96634 
934.67615 355.73203 
866.0 317.0 
951.1214 380.92203 
889.8818 372.12457 
960.2558 430.7187 
885.729 415.28003 
947.981 471.174 
866.0 317.0 
933.4646 456.3543 
897.99677 455.70868 
934.7982 516.339 
888.73846 514.58673 
938.85565 574.6249 
903.8564 556.9688 
909.1916 364.87317 
915.2251 360.7613 
905.32825 358.88943 
934.10785 353.9735 
865.0 317.0 
948.14044 382.2283 
888.05927 371.91626 
959.1372 431.06952 
881.72095 411.40393 
946.79224 471.0489 
878.7928 446.6387 
930.8608 459.12622 
893.91974 457.86713 
935.1666 520.29565 
886.6994 517.665 
939.09143 575.11865 
900.31213 564.13806 
906.5976 366.98264 
912.20874 363.0376 
902.1812 361.9938 
925.9619 355.15167 
896.5354 354.2072 
945.7919 381.12616 
887.56335 372.04083 
958.44006 430.16516 
881.1642 413.138 
945.9449 470.92938 
880.5421 449.40952 
928.408 460.84222 
893.0718 454.68683 
933.68463 519.02496 
885.8283 516.88934 
939.28723 573.56006 
893.4989 569.8701 
900.0289 366.17218 
906.1157 361.6613 
848.0 320.0 
923.952 355.77994 
848.0 320.0 
942.69183 382.83704 
885.4213 374.18823 
956.98126 431.93832 
879.26324 410.8274 
944.6863 472.29816 
878.38403 448.33957 
924.9885 465.99408 
890.9247 460.59073 
930.967 517.6913 
884.02136 518.36584 
938.3944 574.1322 
886.83417 575.9319 
895.74493 364.68024 
901.61383 360.43536 
892.4066 359.30103 
917.92584 357.2431 
843.0 322.0 
939.7299 383.32574 
881.0746 375.50223 
953.837 432.48773 
875.179 413.0258 
943.83234 473.3307 
875.72565 449.84076 
926.9171 462.30542 
890.44305 459.32288 
934.0563 520.4136 
882.1798 518.3322 
939.56793 574.44885 
878.87854 582.7988 
890.2026 365.07016 
896.61615 361.41864 
887.65405 358.80847 
914.93317 357.89688 
839.0 324.0 
935.4255 382.65332 
879.30255 376.94473 
951.91156 432.70074 
873.1377 415.2577 
942.8424 475.01227 
874.92523 450.32266 
926.3291 466.13934 
889.2611 464.84662 
932.86615 520.3014 
878.8576 522.17145 
939.2333 572.74274 
872.9399 581.64825 
887.03 366.22778 
893.40326 362.25012 
884.57117 360.63153 
911.0661 359.8645 
836.0 319.0 
932.9419 383.59222 
875.25165 378.79126 
948.10815 432.76138 
868.59 413.54297 
941.3877 473.65427 
871.1327 446.07584 
924.0714 469.4464 
888.0142 466.35822 
933.75824 523.9509 
877.6895 525.80835 
939.1193 573.78546 
868.1512 590.52246 
883.8186 367.25446 
889.8145 363.1729 
881.2236 361.2174 
906.8445 360.8833 
837.0 321.0 
929.57776 387.6431 
874.6955 381.82117 
946.3383 436.1527 
866.80695 420.28635 
938.87573 475.8438 
837.0 321.0 
921.1589 473.4681 
884.6583 470.9552 
932.8391 524.2103 
875.5466 527.19904 
939.7945 573.07635 
867.64716 591.2168 
878.86896 367.01938 
884.8752 362.51978 
875.81683 360.74826 
902.6168 361.64026 
836.0 322.0 
925.1678 387.83823 
870.2989 382.26254 
942.99817 436.25604 
863.8294 418.52988 
936.291 476.20142 
836.0 322.0 
916.1804 472.68268 
879.27405 468.70673 
930.02124 524.26495 
873.5824 526.5077 
939.7099 575.10254 
867.545 590.8945 
875.9315 370.15756 
881.04236 365.2171 
873.0043 364.2038 
898.10675 361.58542 
834.0 322.0 
920.61084 388.08347 
867.3901 386.83252 
940.87866 436.09323 
863.0602 430.0432 
933.62195 477.21658 
834.0 322.0 
915.7259 471.2793 
876.4012 471.90802 
927.96625 524.67865 
870.29486 528.31726 
939.9515 575.3126 
867.09827 590.91077 
871.4582 368.83072 
876.7013 363.19504 
868.0814 362.69406 
894.087 361.44785 
833.0 322.0 
919.2945 387.3119 
861.0261 386.51492 
938.79095 436.1771 
860.8929 435.55365 
931.67096 477.4143 
833.0 322.0 
911.8222 477.7975 
873.4348 475.75592 
925.041 526.37146 
869.11456 530.74854 
939.9031 574.4588 
867.2979 591.3584 
867.1716 368.9925 
872.4588 363.6935 
863.92053 362.96277 
890.40204 360.80304 
840.0 322.0 
916.85913 387.96582 
858.6571 388.25162 
935.64935 435.5904 
856.44446 439.75244 
928.97455 477.02808 
840.0 322.0 
911.0472 476.98624 
872.20654 476.039 
921.1324 524.74506 
866.7623 535.1566 
939.38403 575.2763 
867.9594 591.45447 
863.9634 368.05154 
868.88336 362.72186 
861.4868 362.13956 
886.6625 360.16882 
830.0 321.0 
914.85974 385.60645 
856.1989 385.51868 
934.07025 433.38446 
855.9266 438.0208 
926.6926 475.076 
863.05005 482.94702 
907.4311 476.42355 
869.2122 476.58496 
917.77264 529.9429 
864.95416 534.63794 
937.0846 574.18964 
867.0106 593.0767 
861.1465 367.63177 
865.9691 362.49374 
858.2844 361.45193 
883.10504 359.757 
827.0 321.0 
911.1857 385.63846 
851.7068 387.49316 
932.156 433.95355 
848.6762 436.1096 
923.18713 477.89578 
856.56104 478.8616 
904.6432 477.01373 
866.223 476.94894 
913.31696 530.2571 
863.7258 536.8873 
935.66296 571.4241 
868.408 591.65564 
858.6888 367.03113 
863.4251 361.32083 
855.9802 360.61993 
880.721 358.01144 
825.0 321.0 
908.77026 385.7708 
849.7455 387.1297 
929.62006 434.2637 
842.1564 432.75623 
919.8222 478.02795 
845.93665 468.6856 
900.8785 477.45773 
864.1575 477.45963 
909.88617 532.2595 
863.10736 537.47534 
933.0889 568.1719 
867.6397 592.42395 
856.021 366.59396 
861.36316 360.97003 
852.8261 360.60812 
878.986 357.75613 
821.0 321.0 
907.1909 385.39682 
847.2438 387.19254 
927.22235 433.35794 
838.2325 432.02686 
917.692 474.9097 
839.83594 467.54663 
897.97614 478.24384 
861.5768 476.1845 
906.9585 534.8462 
861.22766 539.7887 
930.5461 566.62305 
866.839 592.9999 
854.1177 367.73605 
859.247 361.37717 
850.3322 360.90152 
877.27466 358.01773 
819.0 321.0 
905.4838 385.66504 
844.11505 387.7221 
925.9771 432.91098 
833.4799 434.3039 
914.454 475.61194 
837.7132 473.08453 
896.54816 479.11407 
859.6277 480.53116 
903.1193 536.2667 
860.6895 539.0611 
928.1237 567.3095 
866.5134 594.32275 
852.7047 367.4312 
857.2113 361.908 
849.337 361.13293 
875.36273 357.71848 
817.0 321.0 
904.52856 385.8033 
842.77325 389.24762 
923.6836 433.4925 
829.76337 435.25916 
910.8905 474.81168 
834.1142 474.62985 
895.56934 479.08432 
857.40295 479.89014 
899.6553 537.859 
860.43866 539.58704 
924.3066 567.70795 
866.6955 594.0813 
850.6197 368.48633 
856.2247 362.2953 
846.9096 361.53107 
873.1521 358.5105 
814.0 321.0 
902.55273 385.60608 
840.589 390.78027 
922.9474 432.95236 
828.9558 436.04285 
907.85046 475.00543 
830.8491 475.80432 
893.28326 479.00946 
856.01294 481.53815 
896.3163 538.4297 
859.87854 536.0306 
919.76056 569.9544 
866.05505 591.1411 
849.27783 368.7 
855.2642 362.51587 
845.3891 362.5211 
872.2403 358.85086 
812.0 321.0 
901.4005 385.62708 
839.97723 390.289 
920.602 434.4762 
825.40765 435.95837 
906.47736 476.0661 
828.33496 479.5461 
891.67694 480.49014 
854.55743 482.4171 
893.4154 540.90137 
859.44086 539.7291 
914.8796 571.83923 
866.12213 591.6576 
848.83716 369.5288 
854.3162 363.6756 
845.2706 363.24768 
871.27 359.47577 
810.0 322.0 
900.48724 386.13864 
837.8701 391.93097 
920.28406 433.9787 
823.20135 441.03687 
905.6012 475.93976 
826.20776 481.53528 
891.0274 481.9056 
852.81647 483.075 
891.4281 542.5385 
859.3967 540.6758 
911.34265 580.77277 
866.4739 593.73975 
848.88135 370.2001 
853.93134 364.03174 
845.35614 363.90408 
870.4271 359.88004 
808.0 323.0 
899.9989 385.89993 
835.84155 392.87595 
919.9946 433.31464 
821.3962 439.96744 
905.80743 476.2686 
823.862 481.4107 
891.7378 481.57993 
852.6997 484.61963 
888.7501 542.68005 
858.15533 543.17773 
907.56934 590.0915 
866.8705 593.3203 
848.7046 371.26288 
853.9635 365.5898 
845.1404 365.0421 
870.2679 361.07468 
808.0 326.0 
898.444 386.38644 
835.0088 393.94696 
920.58093 433.4403 
820.6213 441.51675 
905.4084 477.94376 
822.8221 483.68634 
889.92926 482.63733 
851.41077 484.00476 
887.60297 545.2728 
858.6566 542.7446 
901.4897 597.6267 
866.56445 592.3407 
848.062 371.94232 
853.7314 366.29813 
844.5795 365.73212 
870.4934 362.61554 
806.0 330.0 
898.0243 388.44293 
834.2417 393.25153 
919.8862 433.85962 
820.07965 439.132 
907.81866 477.41528 
822.1243 483.8178 
888.18945 484.87964 
850.73944 485.49158 
885.96704 546.0579 
858.7001 543.2192 
895.9777 605.3325 
865.9864 593.67004 
848.49255 373.77042 
853.66925 368.0488 
844.6883 367.81454 
869.57697 364.4427 
805.0 326.0 
896.5009 387.85144 
833.00836 395.2228 
920.4758 432.74243 
818.4273 441.70807 
908.16144 478.68207 
821.2565 484.75513 
887.7825 485.91187 
849.979 486.94263 
884.139 546.5425 
857.79175 543.56116 
891.13 608.3779 
866.88635 593.29456 
848.90216 375.42688 
854.39703 369.51694 
844.3915 368.93817 
869.7444 365.59662 
797.0 329.0 
895.5818 389.26617 
831.1198 397.58182 
920.73505 434.44574 
818.17395 444.09906 
908.0704 480.80194 
820.3641 486.09854 
887.6244 489.04095 
850.2854 489.20123 
883.3529 548.9372 
858.9992 546.5097 
885.72205 610.55133 
865.62463 591.65857 
849.06616 377.43265 
854.4988 372.00446 
845.39014 371.09946 
870.359 367.47104 
796.0 332.0 
897.54425 394.31946 
831.4659 398.9918 
920.1456 437.25708 
817.8277 444.43704 
909.8348 482.98868 
819.99304 486.94226 
887.32684 491.58905 
850.07245 491.31177 
881.39386 553.4307 
857.49066 547.05164 
881.4767 610.8079 
862.9457 588.2898 
849.85364 380.0121 
855.6966 374.02228 
845.954 373.39267 
870.95483 369.7047 
796.0 335.0 
895.4112 396.66873 
830.41724 402.83978 
919.76636 440.38397 
816.7032 448.11823 
913.11206 484.5813 
820.1635 488.75577 
885.2551 495.608 
850.1433 494.59113 
879.9828 558.02203 
857.28534 551.09766 
876.6039 621.11414 
864.8942 593.00824 
851.48303 382.4862 
857.3281 376.6888 
847.29974 375.9036 
872.0064 372.41632 
796.0 337.0 
896.0353 398.21463 
829.9245 404.07626 
920.4869 442.24246 
816.19006 450.3062 
912.67926 487.75372 
819.90216 490.09497 
886.4567 496.9618 
849.56683 497.25443 
876.8033 558.95496 
857.6384 550.54297 
875.0184 618.2007 
863.3174 593.3416 
852.45166 384.33197 
858.37244 378.20343 
848.39105 377.36646 
873.4743 373.57166 
796.0 339.0 
896.7752 400.3104 
831.1351 403.5233 
919.01483 446.62552 
816.05817 450.4693 
913.21533 493.76474 
819.4278 492.0844 
885.80035 499.2727 
850.8485 499.97473 
873.89984 560.3712 
858.3087 555.49615 
873.9769 616.28674 
863.1048 593.8196 
853.6998 385.29428 
859.8409 379.5334 
849.31384 378.49136 
874.6226 374.6909 
796.0 339.0 
897.5255 402.27872 
832.1888 402.87607 
918.2537 448.2708 
815.85895 450.15442 
914.91364 493.73178 
819.0162 491.34512 
885.2773 499.3134 
849.21124 499.67834 
872.0842 558.10156 
857.44543 550.31213 
872.9413 618.91907 
862.78674 591.9604 
854.7722 385.82065 
860.9824 379.77182 
849.6483 379.19608 
875.25665 376.29523 
796.0 340.0 
896.2803 402.78668 
831.63104 404.40448 
917.719 450.3696 
816.4921 449.82892 
915.8355 494.2041 
818.85156 491.10394 
884.7781 496.51532 
848.00446 497.29797 
870.27466 558.55304 
856.88434 554.41156 
872.9055 619.945 
861.9122 591.81805 
855.7511 386.0234 
862.4715 380.63242 
851.1923 379.3175 
877.0349 376.66156 
796.0 340.0 
896.9679 405.38385 
832.61096 403.83792 
917.2111 452.27817 
816.5796 448.93802 
916.47064 494.55948 
818.1706 490.7895 
883.468 494.52295 
846.7531 495.12988 
869.6478 559.5745 
855.2479 551.9608 
873.3931 622.5254 
860.8881 595.8876 
856.80273 385.98413 
863.4053 380.03833 
852.3085 378.70425 
877.4757 377.48575 
846.9082 375.03577 
895.9755 404.15308 
833.0822 403.30994 
916.4581 450.7282 
815.2392 447.97528 
915.10156 495.50348 
817.43835 487.6764 
881.18195 494.7046 
844.66895 492.14893 
870.8856 560.88184 
851.3429 551.75244 
873.17694 625.22815 
859.4683 593.4637 
857.7104 385.10416 
864.64935 379.30838 
853.11566 378.10913 
878.4733 377.91248 
847.4286 374.75528 
895.843 403.3438 
832.634 403.6157 
915.88586 450.06226 
815.0537 446.43292 
913.7149 495.8574 
815.91547 484.58478 
881.7307 496.87115 
845.84735 497.229 
870.43243 561.8017 
851.6485 556.06287 
872.9153 625.1079 
859.5502 591.0067 
858.0819 384.76953 
865.0624 379.09152 
853.8171 377.55948 
879.01935 377.5755 
848.09106 373.54376 
895.8397 405.06964 
832.0186 403.78937 
916.21075 454.90436 
814.2243 447.3192 
910.8404 500.8509 
814.1658 485.68866 
880.5225 500.2046 
842.6416 498.11163 
871.89465 561.9651 
848.53217 554.2866 
872.87274 624.8816 
859.2584 589.79755 
858.0245 385.63742 
864.7953 380.3422 
853.9763 378.50467 
878.93353 378.03973 
848.32214 373.69977 
895.76416 406.74252 
831.848 403.57755 
915.4313 457.42157 
812.88165 446.3943 
909.5457 501.7384 
813.51764 483.76813 
879.299 499.53632 
840.70966 498.51984 
872.08905 560.2166 
844.7317 551.83575 
873.14417 625.9452 
858.7413 588.6738 
857.851 385.74106 
864.83075 380.58044 
853.83276 378.65216 
879.8803 378.94522 
848.2323 374.2509 
897.4677 408.4805 
831.881 403.03946 
914.6068 459.02838 
813.4389 444.57742 
907.27325 505.3735 
812.00696 483.53586 
878.75305 500.52313 
839.4719 498.44116 
873.2891 561.86536 
843.17975 555.51953 
874.342 623.51385 
858.8642 588.7778 
857.36316 386.20197 
864.75476 381.3398 
853.4269 378.68033 
878.8144 380.6712 
800.0 341.0 
896.5442 410.84613 
832.39355 403.11526 
913.88806 461.96954 
813.05255 443.80057 
905.32135 508.56134 
811.73285 482.47513 
878.4099 503.2417 
839.9861 500.03833 
873.23395 562.985 
841.9253 557.4779 
873.3861 626.83984 
857.7877 592.94684 
857.0601 388.18622 
863.893 382.66257 
852.673 380.81076 
878.68585 381.7399 
799.0 341.0 
897.2515 411.15958 
831.2824 404.83392 
912.6391 462.72137 
812.3095 443.5011 
904.35004 509.33734 
810.57227 484.4511 
878.16156 505.26523 
839.4724 499.6143 
872.88464 564.5641 
839.8247 558.1719 
874.1384 626.52844 
857.3477 590.9948 
855.7669 387.59818 
862.7166 382.9872 
851.9732 380.62735 
878.42316 381.38425 
799.0 341.0 
895.87317 412.46902 
832.48224 403.35025 
910.4843 465.28125 
812.9319 441.91583 
901.998 512.4286 
810.21643 483.30426 
875.61633 503.41895 
836.27 499.01355 
872.3974 566.61255 
837.89087 562.41766 
873.1636 626.8622 
856.54645 596.64307 
855.1342 388.47214 
861.8514 383.50803 
851.57367 381.33136 
877.69635 382.0194 
798.0 341.0 
894.9386 412.98798 
830.85815 406.8229 
909.0187 466.91653 
813.3604 446.50052 
898.9729 513.07324 
810.0938 484.14752 
875.8796 506.75217 
837.2494 503.71948 
872.9193 569.15137 
836.2069 565.7927 
873.4793 624.40857 
853.58826 604.0339 
853.2735 389.11902 
860.1301 384.3289 
850.08417 381.8562 
876.53375 382.80096 
797.0 342.0 
893.9538 414.19467 
830.7279 403.97235 
906.2199 468.12634 
813.13934 446.2122 
896.8632 516.0598 
810.02014 485.80548 
872.8867 504.68005 
834.9089 501.7651 
874.0609 567.83453 
834.3425 564.1786 
873.1966 626.7737 
850.72217 606.10345 
851.58746 389.44797 
859.02094 384.6772 
847.9829 382.25092 
875.5364 382.84628 
797.0 341.0 
894.09314 416.07025 
829.83765 408.38867 
905.29663 470.6911 
812.8798 449.00095 
893.2897 516.9204 
810.3639 486.94202 
875.1519 506.89636 
836.22565 502.13425 
873.63464 569.06146 
833.22485 563.1925 
874.30005 628.27094 
845.8162 613.69946 
850.00024 390.94986 
857.115 385.53812 
846.5966 383.6665 
873.86096 385.13297 
796.0 343.0 
891.85925 417.87744 
829.9618 409.21756 
904.04846 471.67194 
812.5868 449.43152 
891.1769 516.7207 
810.21985 487.43024 
873.1967 508.94318 
834.3827 503.50372 
873.02185 572.2211 
830.928 570.09534 
873.783 627.3808 
843.33453 620.91895 
848.52155 392.83096 
855.142 387.67465 
845.17706 386.01642 
871.38525 386.7744 
796.0 345.0 
890.6736 420.37024 
828.7865 410.6804 
903.6782 472.67026 
813.40845 450.2595 
890.1253 516.87823 
810.818 488.22986 
871.31323 509.1281 
833.56494 504.5126 
871.9844 572.4133 
829.51227 570.39734 
873.1994 627.90186 
838.7948 629.5897 
846.128 394.64368 
853.1575 389.55936 
842.5623 387.53363 
869.45245 388.08817 
794.0 350.0 
890.16113 421.51437 
826.8801 413.6068 
902.06714 475.16583 
812.0637 454.0584 
885.58167 517.6893 
810.9527 491.22495 
871.01746 514.69775 
833.8009 513.193 
873.0542 572.7472 
829.41284 575.4981 
872.9828 630.61975 
833.3615 636.2869 
843.3427 396.44714 
850.9432 391.62033 
840.1479 388.65497 
866.98 390.45544 
792.0 354.0 
887.9933 423.05548 
825.179 415.03232 
900.5302 476.4777 
812.41364 456.81207 
885.5079 520.6428 
810.92773 494.306 
871.66254 515.92914 
833.585 511.45184 
872.12823 572.64905 
827.7405 576.7821 
873.01105 630.282 
828.0181 643.7964 
840.70746 398.25955 
847.73505 392.7527 
837.8517 390.08014 
865.4779 391.19464 
790.0 357.0 
886.11865 423.7844 
823.4896 415.27393 
898.4749 476.39407 
808.7627 456.89853 
883.6306 521.4014 
808.5139 494.89813 
870.37933 515.4261 
830.8091 513.57654 
872.7141 575.82996 
827.1797 579.7846 
873.1763 630.7007 
824.3512 646.9509 
838.5825 400.67947 
845.3622 395.50085 
835.25854 393.04977 
861.91895 393.71378 
787.0 352.0 
883.5106 426.23853 
819.7706 421.61072 
898.0496 479.02112 
808.0921 462.65692 
882.2941 522.4716 
807.0513 491.66858 
869.6343 517.06683 
829.48 515.55096 
872.9988 576.344 
825.9703 583.0835 
872.9521 630.51666 
821.8979 654.4611 
835.4082 402.35062 
842.1667 397.00195 
831.9745 394.5708 
859.4818 395.56635 
787.0 355.0 
881.7223 429.38474 
817.0741 423.72314 
895.6679 480.92584 
805.9409 465.85126 
882.57855 523.5977 
807.40967 501.12537 
867.8615 517.07874 
827.5109 516.6772 
871.23413 571.74634 
825.5431 585.6008 
873.42523 627.5276 
820.8275 657.6512 
832.4895 404.58545 
839.4483 399.0401 
828.68945 397.0044 
856.8459 397.45728 
788.0 358.0 
878.4693 431.35547 
813.4373 425.6076 
895.3315 484.78726 
803.4574 472.04373 
881.4728 527.7089 
788.0 358.0 
864.7824 524.59924 
824.7447 526.5207 
871.5878 577.8381 
823.6573 591.73895 
873.4418 629.2291 
821.4508 661.1808 
828.8007 406.00354 
835.7658 400.35355 
825.0914 397.75082 
852.00726 400.3013 
786.0 360.0 
876.4213 433.56274 
811.3414 430.28705 
894.10565 485.74585 
801.3879 475.5642 
880.95795 529.6141 
786.0 360.0 
864.0838 523.9145 
824.2901 524.31586 
869.6442 577.47156 
822.9069 593.10596 
873.5674 630.39294 
821.91583 663.3836 
825.4305 407.47122 
832.0535 401.62558 
821.9148 399.929 
848.9818 400.512 
784.0 362.0 
872.5582 434.42596 
806.72314 433.63715 
892.78625 486.57233 
801.92065 488.3805 
881.1121 533.15906 
784.0 362.0 
862.85 528.1922 
821.4864 529.86237 
866.40875 575.921 
821.7928 591.9867 
873.63165 627.1509 
821.40546 663.3867 
821.7152 407.67377 
828.3405 401.97192 
818.2069 400.27948 
844.42584 400.80298 
782.0 362.0 
870.79645 432.3243 
804.1962 432.6515 
889.54816 486.92337 
794.4239 479.16107 
880.98975 533.24774 
796.62994 514.5812 
858.55615 528.3256 
816.7951 528.6933 
863.27997 582.4371 
819.4459 595.84973 
872.9542 629.2124 
822.06903 663.2562 
818.16296 408.3207 
824.8407 402.0705 
814.6447 400.6855 
841.4655 400.36975 
779.0 362.0 
867.31165 432.91345 
802.3817 434.06653 
888.0645 484.98627 
794.0575 482.61142 
881.81335 533.1006 
795.00446 520.1698 
855.22925 527.762 
814.10864 527.98157 
859.80066 584.94794 
818.9235 595.5526 
872.38995 628.3342 
821.7549 665.3461 
814.7397 408.05392 
821.2012 401.50006 
810.546 401.07642 
837.41595 399.76166 
776.0 362.0 
864.59894 430.2144 
799.26 434.45157 
886.67346 482.7196 
791.0626 483.18848 
882.22546 532.45667 
792.68677 521.7151 
854.2015 529.8144 
812.0397 528.60767 
856.9969 589.6671 
816.91675 597.4482 
870.7345 623.57263 
820.92163 664.81934 
812.224 409.44125 
818.1014 403.0275 
808.3599 402.54306 
835.54596 399.19287 
774.0 362.0 
863.38696 430.5035 
799.06335 434.39688 
887.2751 483.67657 
788.994 486.0214 
881.8551 532.8043 
790.39435 525.6586 
852.4937 529.35034 
811.5217 530.1862 
854.1465 591.807 
815.1543 600.2984 
868.46533 620.6062 
821.7193 662.82935 
810.02673 409.65408 
815.3752 403.69077 
806.00653 402.98325 
832.33563 400.71616 
765.0 363.0 
861.60583 430.96307 
796.3465 435.90802 
886.3471 480.9777 
784.5141 485.5035 
880.65955 529.5025 
786.936 526.6535 
851.07635 533.09595 
808.5013 530.4219 
851.7006 597.1967 
814.4867 603.82336 
864.9003 619.41394 
821.19476 666.1168 
808.2123 410.60794 
813.6527 404.20972 
804.2378 404.0849 
830.9418 401.12875 
763.0 363.0 
859.9787 431.729 
792.5511 437.8803 
886.09595 480.3994 
781.03986 488.20673 
880.7081 528.6637 
783.5957 530.70703 
849.20795 534.1196 
806.3875 534.3289 
850.895 599.60583 
813.1198 603.148 
863.7969 627.2427 
820.80054 666.0056 
806.7123 411.52585 
812.6824 404.91434 
801.7894 404.80618 
828.9973 401.50723 
761.0 364.0 
858.246 431.97195 
791.08716 439.77893 
885.9941 480.14508 
777.44714 489.6342 
879.8812 529.06964 
780.5702 531.9637 
849.0183 532.4249 
806.33704 533.3548 
848.9785 600.07056 
812.0266 603.62994 
860.4075 627.58606 
820.9542 666.8354 
805.2491 412.54843 
810.58453 405.90277 
800.8467 406.1986 
828.62213 402.24155 
759.0 364.0 
858.06683 431.9835 
788.3218 441.56326 
884.6323 479.75876 
774.90906 492.56595 
879.21967 529.2509 
778.13696 534.3222 
848.52747 532.5382 
804.5272 533.9081 
847.3083 598.50574 
811.11194 602.41003 
857.22736 632.45605 
820.196 665.6605 
804.51605 414.19867 
810.1569 407.2455 
799.211 408.0961 
826.8698 403.3499 
757.0 365.0 
855.1551 432.8372 
786.5632 442.94452 
883.5637 479.88318 
771.1102 493.06464 
878.2249 530.2393 
775.98676 537.6298 
846.701 536.1779 
804.0762 537.9994 
845.36957 603.4744 
810.6901 604.6508 
855.75836 643.64294 
820.1807 665.807 
803.9767 415.70572 
809.7166 409.38226 
799.3166 409.3022 
825.49146 404.6167 
755.0 365.0 
854.3733 434.1009 
784.84204 444.55988 
881.95416 480.4189 
768.6648 494.85736 
876.8879 531.2512 
774.3704 540.37604 
845.90466 537.9658 
804.0104 540.3992 
843.564 605.44104 
811.18665 606.68896 
852.90295 654.40594 
821.0939 666.11194 
803.7995 416.91284 
809.7064 410.69077 
798.9083 410.27075 
825.36035 405.9479 
754.0 366.0 
852.83813 435.79572 
782.7509 446.0294 
881.1801 481.605 
768.1144 496.72964 
875.6073 530.7753 
773.5117 541.1051 
846.58527 538.1778 
804.0253 541.18066 
840.91565 607.268 
810.93414 609.334 
849.7967 656.8542 
819.83093 662.7606 
804.0274 419.63187 
810.15796 412.30038 
798.6878 412.05048 
825.2547 407.27985 
752.0 371.0 
854.1575 437.70767 
780.5912 446.98077 
880.82935 482.98218 
766.19183 498.45193 
873.0711 531.9906 
771.02637 543.0991 
848.20105 540.1327 
803.5238 543.40533 
840.3189 608.9263 
810.5566 608.4723 
847.1495 666.92444 
820.1767 664.3003 
804.21655 421.88156 
810.3246 414.2418 
798.234 414.79343 
824.77203 409.18277 
791.8439 411.53717 
851.03186 438.50323 
781.62476 446.84058 
879.91003 484.2558 
764.8447 499.58966 
872.9342 533.5442 
770.076 544.74084 
845.0062 542.36145 
803.33105 544.5075 
840.0295 612.0262 
810.868 610.36194 
843.01575 676.89734 
819.5669 666.28284 
804.50574 423.4167 
810.7588 416.4092 
798.7242 416.40585 
824.92615 411.07996 
791.4341 413.5918 
852.36005 440.13043 
780.6583 450.1521 
878.3794 486.7918 
764.0069 502.27795 
870.3017 538.84985 
769.2361 548.2255 
846.8623 550.86926 
804.2505 552.6637 
837.9032 615.0745 
810.1109 611.69946 
840.4208 682.82446 
819.9693 662.02466 
805.1418 426.3922 
811.4017 419.07352 
799.2356 419.31985 
825.5862 413.68115 
792.06305 415.7712 
851.3199 442.03458 
778.85004 450.28113 
876.67957 489.89127 
763.64343 503.47018 
868.92426 538.8701 
767.9733 549.8075 
845.5467 551.3708 
803.89874 551.72754 
836.7354 619.48535 
810.1877 611.6604 
836.12006 684.7641 
821.7467 670.016 
806.2623 429.01367 
812.4796 422.02325 
799.8686 422.6521 
826.1618 416.50446 
792.17957 418.96527 
851.0031 444.7151 
778.0318 453.99234 
875.5154 492.5626 
762.50635 506.43085 
867.3373 544.23566 
768.0983 551.8153 
844.59784 554.3834 
802.1841 554.61426 
836.46094 620.0892 
808.7558 610.9765 
834.16614 684.66406 
818.4186 666.36084 
807.3448 431.75595 
812.9139 424.44324 
801.0967 425.34537 
826.367 419.32678 
793.4171 422.10492 
847.6786 446.51324 
776.49054 455.8754 
873.86755 496.3027 
761.3618 509.9458 
866.53705 548.89075 
767.70026 553.6154 
840.13336 557.51886 
799.58813 561.4506 
833.6948 624.0233 
808.0205 614.64594 
828.9183 693.67017 
816.4732 664.0277 
807.4123 434.17746 
814.667 427.24588 
801.3524 426.63617 
828.14514 421.9959 
792.55365 421.42145 
849.3455 452.96033 
775.9992 458.06012 
874.45374 502.43912 
760.8461 511.0298 
867.3168 551.4235 
766.9032 554.99896 
840.01434 561.59424 
798.2893 563.95245 
829.1746 624.56384 
809.50024 617.82446 
827.80505 688.243 
817.1675 665.2318 
808.36505 436.32617 
814.9243 429.27597 
802.53973 429.72787 
828.232 424.18738 
795.3705 424.97018 
850.7738 455.66168 
774.43585 460.6234 
872.75085 505.6535 
758.80945 512.72595 
868.0369 553.44464 
765.91675 556.87146 
838.36475 558.2041 
797.1745 562.8766 
829.29785 630.4031 
807.1912 620.3702 
827.35266 689.1094 
817.445 665.65155 
809.4679 438.0558 
816.16815 431.25476 
803.46277 431.1028 
828.9275 426.54944 
795.9065 426.7343 
849.88684 458.8055 
775.866 461.37518 
871.5779 507.97418 
758.04297 513.4857 
868.2057 554.10004 
765.3241 557.8484 
835.33905 560.99603 
793.8746 564.5553 
824.35724 629.37885 
807.45294 620.8313 
825.8093 692.3622 
815.1056 668.23975 
810.16327 439.06403 
817.2501 432.6427 
804.4634 432.00378 
829.617 428.47522 
796.14734 426.5264 
850.09424 459.38617 
776.4102 460.70502 
869.95465 509.92023 
756.9024 512.174 
867.5095 555.909 
763.20825 556.42065 
834.30444 560.7379 
792.48346 562.5712 
825.0471 631.8596 
806.04205 620.0075 
824.8617 694.4974 
813.56036 667.8358 
809.9063 439.54868 
817.3561 433.2588 
804.3236 432.19034 
829.75305 429.06845 
796.424 426.38437 
849.95996 460.02527 
774.1802 460.2619 
868.90344 511.3523 
756.9451 511.72028 
867.16693 557.0562 
762.14557 557.7262 
831.91174 563.9861 
789.8215 563.3876 
821.76917 635.88806 
805.43286 625.6271 
823.86676 697.57715 
817.84955 670.8797 
809.95483 439.5871 
817.6725 433.23877 
804.22565 432.19778 
830.8441 429.03152 
795.9722 426.65726 
848.9954 460.0301 
774.5622 459.07214 
868.4892 512.6359 
754.68866 510.57248 
863.86957 559.4951 
760.9748 556.3716 
831.9082 562.81177 
788.73083 563.714 
820.7639 635.327 
804.7252 625.57404 
822.67505 700.1427 
815.7925 668.1023 
809.7829 440.0601 
817.7065 433.646 
804.20746 432.2659 
830.3753 429.21237 
795.8868 426.1121 
847.6738 461.00308 
773.5306 459.23367 
867.42975 513.2876 
753.6667 510.22452 
862.3152 563.24347 
758.60834 556.3073 
830.33093 564.9512 
786.8632 566.59143 
819.6521 635.6191 
799.4717 627.3783 
823.7054 700.3944 
811.1714 662.7114 
808.56866 440.97424 
816.2972 434.53424 
803.2978 433.19138 
829.8118 430.61728 
795.45886 427.83218 
847.77405 463.14432 
773.4675 459.53183 
866.62665 517.0585 
754.10297 508.53793 
860.60895 567.0508 
755.7717 553.72906 
830.3945 563.9086 
786.9092 565.719 
820.2037 635.2837 
796.54175 628.19977 
822.89795 700.73694 
812.74347 665.8412 
806.8994 441.30487 
814.4483 435.25085 
801.91565 433.43063 
828.7068 431.07593 
794.85925 426.16022 
847.13586 465.04968 
772.2062 460.13705 
864.79675 520.5844 
752.16455 509.46625 
858.55237 570.3967 
753.0222 554.6237 
829.19336 568.47186 
783.3293 566.76953 
820.1771 638.8534 
792.43164 631.3231 
823.7369 700.7295 
811.24567 667.17944 
805.2273 442.856 
812.70685 436.83667 
800.4783 434.74402 
827.4145 433.68094 
793.1207 429.39142 
844.5445 468.14783 
770.3251 461.0512 
863.2493 522.1415 
751.7374 509.04852 
856.3357 573.86145 
751.0938 553.6822 
826.4542 569.58057 
783.23267 567.2076 
821.2046 637.52734 
788.57074 632.9944 
823.9567 707.90027 
808.8162 660.94824 
802.5503 444.19904 
810.8758 438.122 
797.6851 435.99258 
826.5404 434.88278 
790.6156 430.4457 
844.668 470.7288 
769.00085 462.38477 
861.6636 525.46216 
750.8681 510.73303 
855.07104 577.62225 
748.56244 555.69403 
824.053 572.05365 
781.9944 568.5613 
821.4806 642.7308 
785.60077 635.75757 
824.47107 708.5187 
807.0056 664.4888 
800.471 445.85812 
807.99646 439.2168 
795.5035 437.4203 
823.88153 436.85156 
789.31335 432.0404 
842.322 472.09738 
767.1786 464.11728 
859.4295 526.7815 
748.8774 510.81018 
851.677 578.2616 
746.0124 555.8406 
823.516 570.65314 
779.74506 564.6671 
821.54865 643.1972 
780.61554 639.8511 
824.4583 704.99677 
804.1637 667.2804 
797.48914 446.91586 
805.27673 440.86514 
792.6651 438.55957 
821.4186 436.6764 
786.42865 432.5366 
841.301 473.38965 
765.55945 466.4727 
857.0478 530.3528 
746.9816 511.53638 
850.0526 580.9537 
744.96014 555.2291 
822.1677 570.59485 
776.8171 563.459 
822.9612 645.3228 
776.8517 640.1635 
824.3554 702.698 
799.69446 671.12445 
795.11 447.38577 
802.35895 441.18085 
790.088 439.17224 
818.51746 438.3886 
784.16455 434.6173 
840.0491 475.04 
763.5987 466.45932 
854.03314 532.5206 
746.23834 512.22504 
845.7291 583.2709 
744.9095 555.7284 
820.5565 574.09717 
775.7796 568.0692 
821.7312 645.5477 
773.3412 643.76306 
825.0641 704.5571 
797.20654 676.0537 
790.8357 449.50186 
798.8935 442.87646 
786.0838 441.2049 
815.18445 439.33545 
728.0 400.0 
836.13837 476.08197 
762.8832 468.7741 
852.0615 533.0406 
745.27 514.08105 
842.2496 584.5731 
743.6116 557.11096 
817.6937 580.1046 
774.9998 575.9685 
818.8966 646.2704 
769.36945 643.4482 
824.3112 705.74915 
790.52014 683.52496 
786.15906 449.87097 
793.7354 443.77408 
781.5673 441.8994 
812.52155 440.66306 
726.0 401.0 
834.2819 478.89084 
760.1543 469.84482 
849.01996 535.6523 
744.3468 516.16907 
838.536 586.8786 
742.5629 559.98645 
815.84735 580.83777 
770.5647 575.68274 
819.0987 647.6531 
765.83636 645.6219 
824.58575 706.7578 
783.0983 694.59326 
781.35486 450.63046 
789.552 444.66254 
776.93604 442.32306 
807.3831 443.46057 
725.0 401.0 
828.45776 479.31958 
755.90063 473.10907 
845.7081 537.69 
743.76526 521.1567 
834.90857 588.31885 
741.9627 560.75195 
810.20233 588.1742 
767.17554 584.7732 
816.2041 650.0521 
761.3624 645.41943 
725.0 401.0 
772.96985 702.50073 
777.0692 453.10178 
785.65094 446.60504 
772.1375 444.85242 
803.98285 444.42944 
723.0 403.0 
825.3023 480.50378 
752.6153 475.83212 
842.8995 540.9464 
740.0504 522.9458 
831.9215 590.17786 
740.60236 562.27295 
808.65955 589.2307 
765.0839 584.86536 
818.96234 649.82117 
758.6772 652.4209 
823.3309 707.9148 
763.45496 706.6555 
771.7297 456.4718 
778.7577 450.47125 
767.9272 448.337 
797.9704 447.79132 
720.0 403.0 
821.5172 481.955 
749.00806 479.88 
839.36694 541.4794 
737.5532 527.7435 
826.5299 593.4341 
739.6054 566.75134 
805.43726 594.82654 
762.94745 591.1528 
817.4867 652.0358 
754.47974 656.85693 
823.8654 707.9708 
720.0 403.0 
767.3538 459.34335 
774.9919 452.60376 
763.0547 450.8775 
792.6882 449.0353 
717.0 405.0 
818.394 484.58917 
747.3332 481.78552 
835.2738 545.6956 
735.8744 534.4618 
824.68024 594.8001 
738.1681 573.9701 
805.2449 593.27216 
760.55273 589.74963 
817.20624 650.09296 
750.1453 655.6612 
822.65594 709.55396 
743.07184 714.859 
761.32 461.38464 
769.2078 454.71362 
756.4615 452.07703 
787.7743 452.29227 
713.0 415.0 
813.9499 489.16602 
742.4808 486.78018 
831.67236 548.7992 
736.5609 543.4811 
819.3803 597.1703 
713.0 415.0 
803.8925 588.8763 
757.5105 591.4468 
818.67065 650.8079 
746.5898 658.36066 
824.6048 711.29065 
713.0 415.0 
755.74695 463.85403 
763.1956 456.7671 
751.01324 454.97946 
782.20605 454.86197 
710.0 416.0 
809.193 490.7247 
739.09753 492.63126 
828.1096 551.421 
740.4662 563.65106 
816.7459 600.5633 
710.0 416.0 
803.37476 597.7905 
759.0492 600.79285 
815.6617 653.1429 
743.4406 661.63074 
823.9739 707.85803 
710.0 416.0 
750.11395 464.96683 
757.72034 458.67407 
745.20715 456.23373 
777.48816 457.2215 
706.0 416.0 
804.9209 492.4896 
731.99963 493.65988 
824.4051 553.64453 
730.97015 555.5584 
813.03986 602.4412 
706.0 416.0 
797.8425 597.89374 
752.3326 603.1344 
813.0166 655.0305 
742.2676 665.32513 
824.43317 709.2143 
706.0 416.0 
743.6599 466.70386 
751.2422 459.5927 
739.77844 457.68585 
770.8367 457.99783 
702.0 418.0 
799.89764 493.16785 
728.8786 493.63776 
820.38367 554.2954 
725.4823 550.2312 
811.3849 603.4126 
702.0 418.0 
792.8384 603.1794 
746.2195 604.4343 
808.4602 659.3391 
737.5302 671.2817 
824.06036 707.06134 
702.0 418.0 
738.34827 466.8104 
745.4487 459.9489 
735.2782 458.63083 
765.7491 457.27856 
698.0 417.0 
795.0076 491.79242 
725.4239 492.80753 
817.332 551.0084 
719.0797 550.30615 
806.74316 600.5635 
698.0 417.0 
787.50183 602.6994 
742.3168 602.80786 
801.6867 657.4906 
733.8098 666.78796 
824.15314 708.2905 
698.0 417.0 
732.7809 466.22342 
739.94507 459.33823 
729.51715 457.766 
760.0663 457.8516 
695.0 418.0 
790.9819 491.41418 
720.46173 493.7421 
812.6303 550.9198 
713.46014 547.75024 
802.729 601.78204 
719.00037 590.5094 
781.89124 600.2949 
735.9045 599.6786 
795.2577 659.126 
732.53217 664.5995 
822.3053 708.40295 
695.0 418.0 
728.2967 465.20236 
735.0202 458.21997 
724.1825 457.52142 
754.602 456.62387 
692.0 417.0 
787.0784 490.87897 
716.4424 494.34174 
811.0954 550.4589 
713.42596 554.9129 
799.0503 601.1944 
692.0 417.0 
778.13696 600.38525 
733.69977 599.9562 
790.11475 664.92786 
730.8651 669.7967 
821.0739 706.2638 
692.0 417.0 
723.8919 464.01428 
730.31696 456.89923 
720.05566 456.03787 
750.0754 454.85602 
688.0 416.0 
783.3308 490.10968 
712.9743 493.63486 
807.9386 547.98206 
705.0233 550.7456 
795.77686 600.2781 
708.9964 594.23517 
774.59845 598.90857 
729.0707 598.35803 
783.7256 667.4938 
727.91815 677.19836 
816.6261 705.3771 
688.0 416.0 
720.44556 463.67188 
726.7193 456.2615 
716.8238 456.24655 
746.7953 455.44983 
683.0 416.0 
779.9008 488.83997 
707.7563 493.69495 
806.6679 546.5093 
698.6588 549.23865 
794.5836 598.4861 
701.46344 593.8031 
770.5631 599.7406 
724.27606 599.5481 
779.0395 671.63416 
726.3789 674.54834 
812.0967 704.41565 
683.0 416.0 
717.353 464.07135 
724.0565 456.60065 
713.29346 456.1455 
743.201 455.53854 
680.0 416.0 
775.4132 489.17136 
704.29407 496.09222 
805.08093 546.0455 
692.7123 551.59344 
792.3456 597.8181 
697.2301 597.2857 
767.5676 603.13464 
722.29926 604.05896 
775.37683 673.22266 
725.1869 675.1196 
807.4698 705.4029 
680.0 416.0 
714.60095 464.93045 
721.6429 457.17596 
710.2067 456.76257 
741.357 455.62366 
676.0 417.0 
774.02374 489.8067 
701.8607 496.6244 
802.93585 545.3906 
687.54944 552.38904 
790.66675 596.48865 
690.7013 600.07886 
765.47906 601.65564 
719.3204 601.4781 
770.2646 673.4254 
725.15405 680.2179 
800.19556 707.3205 
676.0 417.0 
712.83484 465.464 
719.5425 457.39172 
708.38904 457.70468 
738.19867 456.5174 
665.0 417.0 
770.05414 490.75378 
697.89655 499.4808 
801.92944 545.8327 
683.99554 554.46893 
789.62177 597.01306 
685.5185 600.9141 
763.2508 605.7218 
716.499 606.8375 
764.5228 678.0514 
723.8013 681.0304 
792.6309 711.9055 
665.0 417.0 
710.6682 466.3432 
717.3183 458.70865 
705.68317 458.37253 
736.2027 457.2587 
661.0 417.0 
769.0219 490.4738 
694.35516 501.304 
798.11975 546.18805 
679.9103 555.31177 
787.98114 597.5674 
681.9608 603.1911 
761.9716 608.7859 
715.4551 608.556 
759.91064 680.7952 
722.1889 680.76904 
661.0 417.0 
661.0 417.0 
709.09186 467.8691 
715.9743 460.54807 
704.7945 460.10052 
734.75385 459.27695 
658.0 417.0 
766.6249 491.89722 
691.74805 502.31873 
796.00885 546.13196 
677.1339 556.8663 
787.4614 598.2603 
679.0455 605.3097 
759.6906 607.6349 
713.34705 607.87244 
756.05 682.19604 
721.0691 681.55444 
658.0 417.0 
658.0 417.0 
708.01074 469.18784 
715.06604 462.12933 
703.0268 461.8225 
732.85004 460.9172 
655.0 418.0 
765.9374 493.0263 
689.8271 502.7129 
794.17737 547.00464 
672.9444 557.8313 
785.56165 600.16064 
674.948 605.0945 
757.88477 610.7567 
711.64557 613.4807 
752.25726 684.2483 
721.04517 687.0707 
655.0 418.0 
655.0 418.0 
706.7374 470.72067 
714.03375 463.42618 
700.90967 463.01584 
731.97675 461.03928 
653.0 418.0 
762.72595 493.52795 
687.5115 503.45078 
793.471 546.569 
671.23615 557.8694 
784.8897 600.4241 
672.8657 609.0825 
756.1475 611.38806 
711.07947 615.1745 
748.8378 688.45856 
720.2151 690.143 
653.0 418.0 
653.0 418.0 
705.47363 473.04022 
712.72205 465.71136 
700.27515 465.28192 
730.9909 463.76297 
650.0 419.0 
762.18445 496.99167 
683.6573 506.20795 
790.528 549.41516 
668.7915 562.3177 
784.0134 602.8639 
670.2706 610.9628 
756.3685 613.71796 
709.65656 620.6477 
740.81244 689.68463 
721.0273 694.74146 
650.0 419.0 
650.0 419.0 
704.4844 475.15207 
712.1954 467.7392 
699.169 467.07568 
730.00964 465.8308 
648.0 420.0 
760.67676 499.34976 
681.2462 507.44672 
789.7287 550.62195 
665.92615 563.24744 
782.4889 604.3718 
668.50806 612.8511 
755.2677 614.0211 
708.56744 619.66394 
737.139 691.00385 
720.5592 693.1463 
648.0 420.0 
648.0 420.0 
704.2545 477.42557 
711.7018 469.27872 
698.54004 469.21283 
728.77094 468.2264 
646.0 421.0 
758.0902 500.32935 
680.215 509.29108 
787.7522 552.1871 
665.1447 566.52014 
780.6013 606.5546 
666.43115 615.1626 
752.405 615.6726 
706.5627 620.7418 
736.8146 694.2124 
718.87225 694.43835 
646.0 421.0 
646.0 421.0 
703.0242 479.64215 
710.2533 472.25845 
697.73035 471.52716 
728.0206 470.64255 
644.0 431.0 
756.53516 503.66528 
676.88556 512.97546 
785.85956 555.802 
661.4855 567.668 
779.4735 611.2501 
665.3748 617.4407 
751.2287 621.59064 
704.51636 624.44055 
731.3932 697.38477 
723.3525 692.8131 
644.0 431.0 
644.0 431.0 
703.0764 482.44073 
710.4001 475.43427 
697.43726 475.13678 
727.5463 475.11517 
642.0 432.0 
754.3033 507.29358 
676.86633 514.7051 
784.7916 559.6412 
659.83905 570.7388 
777.7006 615.6022 
663.61194 619.7471 
748.36914 626.55237 
702.2257 629.3987 
732.2668 699.99414 
718.44165 698.49426 
642.0 432.0 
642.0 432.0 
702.9612 486.21066 
710.79364 478.98492 
696.93005 478.71445 
727.3943 476.89493 
690.49036 476.74997 
752.9561 511.14154 
674.5649 518.222 
782.2528 565.234 
657.8861 573.9812 
776.791 619.3861 
663.3665 623.4821 
747.41907 628.7937 
698.41833 631.3023 
728.2409 700.25854 
717.2472 696.734 
641.0 434.0 
641.0 434.0 
702.51263 489.25717 
709.6901 482.22925 
696.9224 481.56738 
726.23846 480.7085 
690.77026 479.56256 
752.8579 517.15436 
673.6053 520.1257 
780.93726 570.2207 
656.44116 576.5494 
774.9047 623.96277 
661.15955 625.84546 
745.2436 633.6757 
696.6342 636.72534 
726.2861 704.97284 
717.97015 702.5746 
639.0 435.0 
639.0 435.0 
701.8721 491.13882 
709.25793 484.107 
696.4499 483.1322 
726.20917 483.2144 
690.147 481.40463 
752.0907 520.33234 
672.2556 522.2795 
778.8451 576.4216 
653.77576 579.11304 
773.2918 628.95715 
659.6734 628.39343 
745.0638 639.1142 
696.3237 641.5613 
726.69977 702.66925 
715.5449 701.3522 
638.0 437.0 
638.0 437.0 
701.80066 493.1627 
709.7958 485.9854 
696.1198 485.13562 
726.1224 485.1422 
690.1885 483.07614 
750.9712 522.44293 
671.1113 523.8726 
775.61127 580.0392 
652.81665 579.69324 
772.3875 628.5661 
657.3115 628.3929 
742.8218 634.6533 
696.8578 638.4875 
725.1094 703.01434 
711.9942 701.8507 
636.0 446.0 
636.0 446.0 
701.1602 494.61877 
709.565 487.54382 
695.814 485.98297 
726.8489 486.39856 
635.0 447.0 
749.79565 523.6976 
670.87256 522.1342 
772.7422 580.2212 
650.86945 578.6652 
770.9136 629.5204 
655.94257 628.02673 
737.82104 627.50757 
691.4187 630.1566 
635.0 447.0 
635.0 447.0 
635.0 447.0 
635.0 447.0 
700.7796 495.7541 
709.52985 488.94186 
695.82153 487.0149 
726.7443 488.92526 
689.19037 484.94968 
747.64355 525.7051 
668.0361 523.6236 
771.1725 582.16956 
649.93256 577.46356 
768.42053 631.9489 
652.8769 625.17706 
734.37036 631.8214 
688.2138 633.11115 
716.5543 700.8952 
708.0561 702.11896 
633.0 447.0 
633.0 447.0 
699.81555 496.25122 
708.64044 490.2533 
695.572 488.0448 
725.8299 489.8943 
688.9291 485.22092 
747.23206 526.40424 
667.5084 522.8447 
768.7705 586.1907 
647.8458 576.7241 
766.40735 636.90076 
650.6081 624.9359 
732.7615 631.20544 
685.1129 635.48846 
715.2645 700.7642 
702.9175 700.881 
631.0 447.0 
631.0 447.0 
698.22675 497.29666 
707.3808 491.04202 
693.9321 488.44196 
725.21765 490.36578 
687.9655 484.88522 
746.47565 529.96484 
664.6696 525.5479 
767.5481 589.0576 
646.1262 578.0377 
762.3052 639.82776 
648.7351 624.32886 
731.0787 637.2265 
684.484 635.4351 
712.782 700.5143 
694.181 696.82965 
629.0 448.0 
629.0 448.0 
697.3331 499.01218 
706.26715 492.71613 
692.8725 489.6036 
723.8573 491.83707 
686.9433 484.89468 
742.68066 529.597 
664.87616 524.4935 
764.51324 591.2957 
644.9932 577.348 
758.3149 646.1338 
645.61145 623.3004 
727.93005 646.2331 
682.7792 645.457 
712.89404 709.06104 
689.8959 710.98816 
627.0 448.0 
627.0 448.0 
694.97064 500.44116 
703.98035 494.70218 
690.99646 491.3591 
722.1538 494.70895 
626.0 449.0 
742.8151 533.851 
662.49347 526.7055 
763.3481 592.77625 
643.06396 579.26276 
755.81616 648.4965 
642.6715 624.8861 
724.6828 649.90735 
680.9473 646.847 
626.0 449.0 
626.0 449.0 
626.0 449.0 
626.0 449.0 
693.01404 502.4131 
702.0733 495.91855 
688.91077 493.13968 
721.99854 496.227 
624.0 449.0 
742.3559 536.5222 
663.3939 526.43567 
761.4827 598.11633 
642.5678 577.0797 
752.30457 652.5839 
639.82263 624.44666 
721.1156 650.4337 
677.0073 643.99817 
710.1591 709.40845 
679.2667 704.32495 
624.0 449.0 
624.0 449.0 
690.98883 503.53958 
700.23883 497.45853 
687.0273 494.10168 
720.13556 497.4953 
622.0 450.0 
740.2456 539.693 
660.1033 528.9735 
757.8015 601.80365 
642.0542 578.1029 
748.6178 655.9747 
638.41925 623.0163 
715.9195 656.5662 
671.87317 650.9282 
622.0 450.0 
622.0 450.0 
622.0 450.0 
622.0 450.0 
688.5267 503.93176 
698.12555 497.68414 
684.90344 494.45856 
717.70496 498.46033 
620.0 451.0 
739.6765 540.1097 
659.2923 530.5928 
755.5313 603.5128 
641.04 579.95825 
746.06946 659.77765 
636.77673 625.14655 
716.23254 659.7617 
671.9343 653.10034 
620.0 451.0 
620.0 451.0 
620.0 451.0 
620.0 451.0 
687.0316 504.98962 
696.5644 498.8448 
683.2748 495.12823 
715.8906 500.05664 
618.0 451.0 
737.917 541.4509 
656.87366 532.7427 
753.1591 607.45526 
639.7073 580.9774 
742.9272 661.9416 
636.3912 626.77905 
713.0827 658.9031 
667.69604 652.5757 
618.0 451.0 
668.329 713.9078 
618.0 451.0 
618.0 451.0 
684.7785 505.9942 
694.2928 499.3353 
680.78204 496.26236 
714.5924 499.88223 
616.0 451.0 
737.1011 543.3579 
655.6809 534.5467 
750.4458 610.0526 
639.1041 582.4482 
738.44556 665.01196 
635.5134 626.53937 
710.5936 663.00854 
664.8703 654.73987 
616.0 451.0 
616.0 451.0 
616.0 451.0 
616.0 451.0 
683.1041 506.93976 
692.2389 500.47284 
679.0978 497.4962 
711.94696 502.04248 
615.0 452.0 
733.6206 544.12134 
655.55414 534.1188 
748.44366 609.8392 
638.4793 581.5427 
735.483 666.9579 
634.802 628.4605 
707.92316 668.92487 
663.0931 659.7976 
615.0 452.0 
615.0 452.0 
615.0 452.0 
615.0 452.0 
679.76495 508.59 
689.4126 502.66516 
676.13257 499.25616 
709.42163 503.47577 
621.0 453.0 
729.458 544.9873 
652.58923 539.8906 
745.8493 612.35956 
639.23535 588.1625 
730.1382 669.8451 
635.66797 629.3259 
709.7144 667.9309 
663.3101 667.0756 
621.0 453.0 
621.0 453.0 
621.0 453.0 
621.0 453.0 
677.1726 510.67618 
686.5845 504.71857 
673.01953 501.48453 
706.0237 504.9823 
620.0 462.0 
728.395 547.4721 
650.37354 540.6101 
743.1524 614.2809 
633.98035 593.52313 
726.7182 669.8725 
634.33734 635.8272 
704.3612 671.73865 
658.5757 670.80615 
620.0 462.0 
620.0 462.0 
620.0 462.0 
620.0 462.0 
673.7616 512.76416 
682.6553 506.1518 
669.86 503.71942 
702.9238 507.71875 
618.0 463.0 
725.7823 549.32715 
646.89246 542.1351 
740.3153 616.62335 
631.77997 597.4705 
723.1406 671.5831 
633.41656 640.3248 
702.604 681.1891 
655.85297 681.52136 
618.0 463.0 
618.0 463.0 
618.0 463.0 
618.0 463.0 
670.22394 515.9967 
679.3096 509.29565 
665.8938 507.3501 
700.10236 509.57523 
616.0 464.0 
724.25964 551.4614 
643.80664 545.7948 
737.67896 617.23914 
631.0758 599.7051 
720.556 671.2773 
632.61035 641.6707 
702.86304 678.34045 
655.3919 675.1393 
616.0 464.0 
616.0 464.0 
616.0 464.0 
616.0 464.0 
666.9372 519.3896 
675.68713 512.8714 
662.84546 510.41437 
696.9193 513.28613 
614.0 466.0 
721.5304 556.2322 
640.0949 546.8264 
734.7547 621.05804 
627.1207 599.92413 
715.8601 679.013 
631.3462 644.1132 
700.337 676.6709 
651.69244 668.81384 
614.0 466.0 
614.0 466.0 
614.0 466.0 
614.0 466.0 
663.0121 523.3635 
672.32996 516.1831 
659.2554 513.79236 
692.5111 516.7546 
611.0 468.0 
718.8418 559.2536 
639.1319 552.6963 
734.61523 624.2096 
624.2356 609.0416 
713.9095 683.6055 
629.8181 653.2059 
700.0269 685.86 
650.8121 681.9695 
611.0 468.0 
611.0 468.0 
611.0 468.0 
611.0 468.0 
658.49243 527.258 
667.7773 519.8246 
654.26355 517.6904 
689.009 519.5596 
608.0 470.0 
716.23566 560.8524 
636.5191 555.8632 
731.2752 626.99115 
620.9941 611.74915 
711.7098 685.9005 
626.0934 653.8656 
700.1536 687.42883 
647.95544 686.03394 
608.0 470.0 
608.0 470.0 
608.0 470.0 
608.0 470.0 
655.3998 530.61176 
664.00134 522.71173 
650.1812 521.3805 
683.07214 522.11176 
605.0 479.0 
711.79956 563.6459 
632.61005 560.9553 
728.3381 632.01355 
618.353 623.49634 
710.09906 687.5511 
605.0 479.0 
699.05725 693.14996 
646.7167 692.20166 
605.0 479.0 
605.0 479.0 
605.0 479.0 
605.0 479.0 
650.44226 532.6927 
658.9172 525.34247 
645.1566 524.1366 
679.1301 523.9185 
594.0 481.0 
707.2878 564.64 
626.6808 563.19476 
728.37714 632.19135 
616.2633 622.9413 
709.40466 691.7203 
622.4642 664.9901 
695.3778 696.7945 
641.8999 688.02234 
594.0 481.0 
594.0 481.0 
594.0 481.0 
594.0 481.0 
646.1594 534.79694 
654.70496 526.8712 
640.55554 526.3455 
674.50635 525.869 
590.0 482.0 
703.81836 567.3052 
622.8724 566.68054 
725.83514 636.9746 
610.75195 626.36523 
708.93976 696.71967 
618.9168 672.0101 
692.48425 705.46814 
639.37933 695.50226 
590.0 482.0 
590.0 482.0 
590.0 482.0 
590.0 482.0 
640.93585 537.04004 
649.3018 529.475 
636.5361 527.81604 
669.1546 526.5862 
587.0 482.0 
701.0624 569.7573 
618.3405 569.3 
723.4022 638.66656 
607.2475 630.2439 
709.1135 700.4837 
614.18243 676.8486 
687.93427 704.08545 
634.2555 700.8712 
587.0 482.0 
587.0 482.0 
587.0 482.0 
587.0 482.0 
636.3017 538.4698 
644.9802 529.91907 
630.9406 529.27167 
664.9149 527.10297 
584.0 482.0 
698.5937 568.12805 
614.1663 572.11176 
720.73706 636.83875 
602.72974 632.9922 
709.9115 698.5134 
609.6639 678.80493 
683.7064 700.223 
630.6196 697.5875 
584.0 482.0 
584.0 482.0 
584.0 482.0 
584.0 482.0 
632.1799 539.4977 
640.9687 530.945 
626.12665 530.54065 
660.5254 527.45294 
581.0 483.0 
693.8047 567.6388 
610.031 572.6757 
718.3915 632.1673 
597.61975 636.2957 
709.73364 692.0758 
605.0139 682.0698 
682.6101 702.70764 
627.6381 700.104 
581.0 483.0 
581.0 483.0 
581.0 483.0 
581.0 483.0 
628.42114 540.7295 
637.0573 531.84314 
622.0383 531.7106 
657.45526 526.864 
578.0 483.0 
691.286 567.0542 
606.9329 574.5139 
717.21045 630.98944 
594.67004 637.96735 
711.81055 692.2454 
600.4245 685.6988 
681.2955 707.15735 
624.0504 701.58594 
578.0 483.0 
578.0 483.0 
578.0 483.0 
578.0 483.0 
627.0783 541.75885 
635.02484 532.7903 
620.25525 533.02136 
654.5344 527.21936 
577.0 484.0 
689.4503 568.539 
603.5475 577.21545 
716.90295 630.4846 
589.28577 639.1125 
711.9514 692.94446 
597.3955 686.96655 
680.6561 703.3353 
622.9629 705.29596 
577.0 484.0 
577.0 484.0 
577.0 484.0 
577.0 484.0 
625.9109 543.76953 
633.0476 535.2782 
618.9596 535.8106 
651.836 529.13947 
566.0 484.0 
687.58777 569.6859 
599.4849 579.45166 
716.7007 631.2955 
586.7958 641.3038 
711.0404 693.3168 
594.19257 693.0469 
681.17053 706.8673 
622.0751 706.47473 
566.0 484.0 
566.0 484.0 
566.0 484.0 
566.0 484.0 
624.77277 545.7551 
632.45496 536.6316 
617.35767 537.28516 
650.34143 530.5159 
610.062 535.0835 
685.0567 571.41595 
596.25867 581.2654 
716.0228 632.1527 
582.51904 643.58356 
711.1571 694.96655 
591.894 696.8096 
680.6815 705.89825 
621.01794 707.859 
564.0 485.0 
564.0 485.0 
564.0 485.0 
564.0 485.0 
624.01746 546.20795 
631.4999 537.71277 
616.64417 538.45776 
648.65753 532.48236 
608.2887 536.0083 
681.37476 569.4165 
596.29724 582.3844 
714.949 630.05005 
579.75916 647.6231 
710.8982 691.07385 
586.74445 697.6741 
679.33105 709.00793 
620.97015 708.0254 
562.0 493.0 
562.0 493.0 
562.0 493.0 
562.0 493.0 
623.7825 550.1882 
631.80786 540.51575 
615.58795 541.30756 
648.5545 534.1574 
606.8817 536.6882 
682.2229 571.861 
595.45233 583.09827 
714.9665 632.75305 
575.9924 649.8091 
709.27234 693.67676 
584.6167 705.827 
678.6337 709.96735 
619.31866 711.82056 
560.0 494.0 
560.0 494.0 
560.0 494.0 
560.0 494.0 
624.0116 551.29535 
631.6873 542.9249 
616.1633 543.7528 
647.09326 536.7729 
606.68335 540.4066 
680.8071 573.6544 
593.0205 583.28064 
714.34094 633.6041 
574.83307 650.9581 
709.97046 696.3774 
583.37823 704.3931 
680.3789 708.4842 
617.9479 711.74884 
558.0 495.0 
558.0 495.0 
558.0 495.0 
558.0 495.0 
624.85565 553.39325 
632.7489 544.42706 
616.7101 545.5698 
648.52856 537.3046 
607.31036 541.8724 
681.078 575.9703 
591.41284 585.2374 
712.652 633.90405 
573.01904 653.49915 
709.07684 695.5102 
581.2632 708.9811 
679.4034 708.1156 
617.28015 711.3948 
556.0 496.0 
556.0 496.0 
556.0 496.0 
556.0 496.0 
625.19885 557.2116 
633.2673 547.9423 
617.2574 548.1791 
648.638 539.8503 
607.6853 543.0541 
681.58167 580.22205 
591.0915 588.42664 
712.4573 636.99896 
573.59485 663.757 
706.35706 698.21606 
578.9562 713.60754 
678.3892 708.2194 
616.0037 711.30566 
554.0 497.0 
554.0 497.0 
554.0 497.0 
554.0 497.0 
626.56616 560.2174 
634.0601 551.4649 
618.41455 552.04364 
647.89685 544.7284 
608.18933 548.15137 
679.824 582.2007 
589.02454 591.55 
711.448 638.71704 
571.99896 669.9154 
703.69104 699.15344 
553.0 499.0 
676.3706 709.859 
612.00085 711.5406 
553.0 499.0 
553.0 499.0 
553.0 499.0 
553.0 499.0 
626.712 564.15845 
635.0313 554.5184 
618.17126 555.5554 
649.5674 545.235 
607.6024 550.92535 
681.1199 587.7786 
588.7302 594.96436 
709.1509 644.8128 
570.592 671.4109 
702.0714 703.0787 
552.0 500.0 
675.6071 711.1679 
610.8581 712.0492 
552.0 500.0 
552.0 500.0 
552.0 500.0 
552.0 500.0 
630.2435 572.98376 
638.37585 563.1563 
621.5245 563.67694 
651.7971 555.65674 
609.2941 557.6771 
681.2685 595.64606 
586.9025 601.6773 
711.09515 662.32935 
569.26575 677.9796 
550.0 512.0 
550.0 512.0 
550.0 512.0 
550.0 512.0 
550.0 512.0 
550.0 512.0 
550.0 512.0 
550.0 512.0 
