walk
411.0 249.0 
411.0 249.0 
411.0 249.0 
411.0 249.0 
411.0 249.0 
447.0141 266.88272 
411.0 249.0 
411.0 249.0 
411.0 249.0 
411.0 249.0 
411.0 249.0 
457.84024 307.97675 
447.4984 307.09546 
464.93417 334.73154 
443.52554 329.0554 
477.29828 362.11328 
451.4287 356.46143 
409.0 250.0 
409.0 250.0 
409.0 250.0 
409.0 250.0 
409.0 250.0 
445.85593 266.36243 
433.48196 268.69702 
409.0 250.0 
409.0 250.0 
409.0 250.0 
409.0 250.0 
455.77255 308.0329 
443.3854 307.2264 
465.7241 336.0738 
440.98273 329.8341 
477.27795 363.10608 
442.21085 353.98148 
408.0 249.0 
408.0 249.0 
408.0 249.0 
408.0 249.0 
408.0 249.0 
446.18958 274.3744 
432.43427 275.93182 
453.423 292.07593 
431.8266 292.82886 
408.0 249.0 
408.0 249.0 
453.6883 310.70004 
441.74548 311.2858 
465.47617 336.62946 
436.96365 335.25775 
477.06915 362.46207 
433.6317 357.97772 
407.0 250.0 
407.0 250.0 
407.0 250.0 
407.0 250.0 
407.0 250.0 
438.33206 270.4325 
430.3709 272.4675 
407.0 250.0 
407.0 250.0 
407.0 250.0 
407.0 250.0 
451.72003 311.8185 
441.24243 312.10876 
464.4225 337.62305 
434.29172 336.02472 
477.2243 362.24316 
430.19418 358.99335 
405.0 250.0 
405.0 250.0 
405.0 250.0 
405.0 250.0 
405.0 250.0 
441.82767 275.70325 
427.5309 277.7235 
449.83023 291.8103 
426.13217 293.5812 
405.0 250.0 
427.38336 304.91193 
448.77112 310.85056 
434.99774 311.3156 
461.76126 336.2516 
428.63904 333.99683 
476.70502 362.46323 
430.3084 359.5054 
404.0 250.0 
404.0 250.0 
404.0 250.0 
404.0 250.0 
404.0 250.0 
431.02863 272.20325 
428.82968 271.90662 
434.03983 295.67233 
404.0 250.0 
426.24854 312.21228 
404.0 250.0 
440.76144 312.6798 
435.2377 311.83527 
404.0 250.0 
426.8015 336.05225 
404.0 250.0 
428.79602 360.84494 
394.0 249.0 
394.0 249.0 
394.0 249.0 
394.0 249.0 
394.0 249.0 
433.99475 277.36414 
423.2536 280.1242 
394.0 249.0 
394.0 249.0 
394.0 249.0 
394.0 249.0 
442.4219 314.58722 
431.70526 314.92053 
455.2002 338.21423 
424.2707 335.14868 
475.1644 360.7696 
429.28845 359.79617 
391.0 248.0 
391.0 248.0 
391.0 248.0 
391.0 248.0 
391.0 248.0 
425.81845 274.74243 
429.5778 273.41742 
426.8672 294.1165 
391.0 248.0 
418.60846 307.26733 
391.0 248.0 
431.40707 314.64938 
440.08054 313.74432 
422.9887 334.9021 
452.08142 339.2797 
429.09937 359.83453 
472.73227 359.07703 
399.0 248.0 
399.0 248.0 
399.0 248.0 
399.0 248.0 
399.0 248.0 
420.5052 275.24777 
427.14032 271.89 
421.99005 298.30463 
399.0 248.0 
414.15146 307.9134 
399.0 248.0 
428.13477 314.54208 
434.32007 312.83862 
422.75357 336.5384 
447.78638 338.8648 
429.29565 359.90823 
470.6309 359.70297 
388.0 248.0 
388.0 248.0 
388.0 248.0 
388.0 248.0 
388.0 248.0 
420.2481 273.44046 
388.0 248.0 
420.40967 298.61984 
388.0 248.0 
388.0 248.0 
388.0 248.0 
430.25214 315.7754 
430.01862 314.97913 
442.64026 338.80246 
388.0 248.0 
468.02872 357.46814 
388.0 248.0 
393.0 246.0 
393.0 246.0 
393.0 246.0 
393.0 246.0 
393.0 246.0 
415.14136 274.8898 
393.0 246.0 
393.0 246.0 
393.0 246.0 
393.0 246.0 
393.0 246.0 
423.00812 315.03412 
427.02625 312.9779 
422.23026 337.55505 
437.48935 337.43622 
428.0254 360.24927 
461.1634 353.99872 
388.0 245.0 
388.0 245.0 
388.0 245.0 
388.0 245.0 
388.0 245.0 
416.0205 273.20648 
408.7006 274.2898 
413.67242 295.63135 
388.0 245.0 
402.99448 303.69516 
388.0 245.0 
424.5811 312.30966 
415.9761 313.31924 
432.47717 337.43314 
421.0243 337.7708 
458.98383 353.7484 
428.21317 360.11273 
384.0 244.0 
384.0 244.0 
384.0 244.0 
384.0 244.0 
384.0 244.0 
414.78024 274.45776 
408.3155 275.7973 
384.0 244.0 
384.0 244.0 
384.0 244.0 
384.0 244.0 
421.25262 313.836 
417.13025 313.42697 
421.97723 337.68134 
421.1027 337.13074 
429.12674 359.78705 
427.93292 359.05304 
380.0 244.0 
380.0 244.0 
380.0 244.0 
380.0 244.0 
380.0 244.0 
411.36273 272.867 
380.0 244.0 
380.0 244.0 
380.0 244.0 
380.0 244.0 
380.0 244.0 
420.18643 312.56424 
419.92453 311.54724 
420.63144 337.20178 
421.52176 337.05505 
429.35828 358.65845 
427.17053 357.7956 
375.0 244.0 
375.0 244.0 
375.0 244.0 
375.0 244.0 
375.0 244.0 
407.52316 270.3352 
375.0 244.0 
375.0 244.0 
375.0 244.0 
375.0 244.0 
375.0 244.0 
421.1929 310.94116 
419.14 310.16653 
417.5574 336.3044 
418.13867 335.62897 
375.0 244.0 
426.88007 358.0854 
378.0 244.0 
378.0 244.0 
378.0 244.0 
378.0 244.0 
378.0 244.0 
405.85968 268.9888 
400.1757 268.81848 
378.0 244.0 
378.0 244.0 
378.0 244.0 
378.0 244.0 
414.62973 309.6456 
410.92764 308.55157 
414.74457 334.55975 
415.21408 334.33 
429.13525 355.53857 
429.04395 355.76263 
375.0 244.0 
375.0 244.0 
375.0 244.0 
375.0 244.0 
375.0 244.0 
402.52145 270.6107 
375.0 244.0 
403.02844 291.34644 
375.0 244.0 
375.0 244.0 
375.0 244.0 
411.13803 310.0186 
411.99664 309.69604 
412.93555 336.062 
411.94278 335.14392 
427.72772 359.29404 
426.0824 357.7536 
372.0 245.0 
372.0 245.0 
372.0 245.0 
372.0 245.0 
372.0 245.0 
398.55215 269.21658 
396.8889 268.82034 
400.18936 292.2905 
372.0 245.0 
372.0 245.0 
372.0 245.0 
408.8761 308.31912 
409.6114 307.31088 
404.73975 335.39246 
414.94327 334.38297 
372.0 245.0 
427.88364 358.03748 
371.0 246.0 
371.0 246.0 
371.0 246.0 
371.0 246.0 
371.0 246.0 
397.933 270.92508 
394.2271 270.6958 
401.2705 292.05127 
371.0 246.0 
392.40247 300.23953 
371.0 246.0 
407.149 310.76294 
408.1783 309.5774 
397.59283 335.8439 
416.12576 335.09442 
405.42926 361.5848 
428.37924 358.11987 
362.0 248.0 
362.0 248.0 
362.0 248.0 
362.0 248.0 
362.0 248.0 
394.11453 272.33755 
393.0849 271.1698 
398.68204 290.9142 
362.0 248.0 
393.49704 301.94427 
362.0 248.0 
403.3477 311.97662 
409.68134 310.28876 
394.23935 337.17468 
416.89856 335.11505 
397.15033 364.21857 
428.14886 358.56253 
360.0 248.0 
360.0 248.0 
360.0 248.0 
360.0 248.0 
360.0 248.0 
389.85736 277.89395 
398.78543 276.34814 
391.39355 296.69025 
360.0 248.0 
385.73676 305.06015 
360.0 248.0 
401.52805 314.1714 
409.32248 312.18973 
389.79007 335.81177 
416.30972 335.609 
388.20898 363.84476 
427.68878 357.92975 
358.0 249.0 
358.0 249.0 
358.0 249.0 
358.0 249.0 
358.0 249.0 
390.04224 279.58563 
397.62006 277.6636 
390.41464 299.9419 
358.0 249.0 
384.9014 307.72327 
358.0 249.0 
398.42514 315.27362 
406.909 313.76633 
384.78665 337.46024 
415.9454 335.6454 
383.12082 365.10583 
427.95905 357.73163 
357.0 250.0 
357.0 250.0 
357.0 250.0 
357.0 250.0 
357.0 250.0 
384.93048 277.8496 
382.78558 276.27814 
390.89792 297.22943 
357.0 250.0 
357.0 250.0 
357.0 250.0 
397.1803 314.01105 
403.30804 311.66534 
380.30606 338.35468 
414.12534 335.56058 
383.76944 368.12927 
427.87314 358.54733 
354.0 251.0 
354.0 251.0 
354.0 251.0 
354.0 251.0 
354.0 251.0 
385.1694 278.6185 
375.70996 281.3746 
354.0 251.0 
354.0 251.0 
354.0 251.0 
354.0 251.0 
398.73764 314.40674 
386.69785 315.81403 
411.20007 335.5422 
377.39755 338.81207 
427.25577 357.4674 
382.5702 365.84967 
344.0 252.0 
344.0 252.0 
344.0 252.0 
344.0 252.0 
344.0 252.0 
378.87238 278.774 
375.03888 279.0085 
386.0316 299.15704 
344.0 252.0 
344.0 252.0 
344.0 252.0 
391.22467 314.14813 
395.10883 313.29538 
375.72144 339.18704 
410.3882 336.5894 
382.65005 367.622 
426.015 357.32788 
341.0 253.0 
341.0 253.0 
341.0 253.0 
341.0 253.0 
341.0 253.0 
374.07864 277.19876 
373.21432 274.7872 
380.78137 296.56744 
341.0 253.0 
341.0 253.0 
341.0 253.0 
389.69934 313.44104 
395.18747 312.6577 
372.96994 339.0473 
404.10168 335.7943 
383.18402 368.62173 
424.3429 355.28284 
338.0 253.0 
338.0 253.0 
338.0 253.0 
338.0 253.0 
338.0 253.0 
372.95862 280.27582 
370.193 278.7021 
338.0 253.0 
338.0 253.0 
338.0 253.0 
338.0 253.0 
385.875 314.2769 
388.16486 313.14017 
372.321 338.24783 
399.65298 335.85498 
382.70346 368.06445 
421.0726 354.55365 
334.0 254.0 
334.0 254.0 
334.0 254.0 
334.0 254.0 
334.0 254.0 
364.9989 279.749 
369.59018 274.27524 
372.03342 298.86594 
334.0 254.0 
334.0 254.0 
334.0 254.0 
382.76434 313.55927 
391.01923 310.2296 
371.8828 339.7618 
393.61584 335.37817 
382.72034 367.50052 
418.55978 352.1081 
299.0 252.0 
299.0 252.0 
299.0 252.0 
299.0 252.0 
299.0 252.0 
360.8036 276.86923 
364.03683 269.5959 
299.0 252.0 
299.0 252.0 
299.0 252.0 
299.0 252.0 
378.7647 314.01257 
387.30896 309.58942 
371.27542 340.55667 
386.91818 334.6496 
382.93948 367.2657 
413.58487 351.86166 
326.0 253.0 
326.0 253.0 
326.0 253.0 
326.0 253.0 
326.0 253.0 
360.67908 276.8118 
326.0 253.0 
326.0 253.0 
326.0 253.0 
326.0 253.0 
326.0 253.0 
376.1917 316.08975 
379.08075 313.47186 
371.00778 340.9407 
383.71033 333.78717 
383.50122 367.2032 
408.4637 351.86734 
329.0 252.0 
329.0 252.0 
329.0 252.0 
329.0 252.0 
329.0 252.0 
354.2951 280.40466 
356.38123 270.04266 
359.83862 302.18997 
329.0 252.0 
329.0 252.0 
329.0 252.0 
372.62277 313.33823 
377.9663 308.07526 
370.21146 340.36853 
378.93365 334.64597 
381.96967 366.61783 
400.9535 352.1841 
323.0 252.0 
323.0 252.0 
323.0 252.0 
323.0 252.0 
323.0 252.0 
352.13885 280.5757 
355.21375 272.35474 
357.32925 304.97763 
323.0 252.0 
357.99118 320.2758 
323.0 252.0 
373.6095 311.77826 
378.495 307.7151 
369.9504 340.15662 
374.67374 334.0392 
383.05756 366.19452 
323.0 252.0 
313.0 252.0 
313.0 252.0 
313.0 252.0 
313.0 252.0 
313.0 252.0 
350.35974 277.65588 
313.0 252.0 
313.0 252.0 
313.0 252.0 
313.0 252.0 
313.0 252.0 
372.0179 312.2514 
313.0 252.0 
369.74475 337.98145 
313.0 252.0 
382.0641 366.14597 
313.0 252.0 
301.0 253.0 
301.0 253.0 
301.0 253.0 
301.0 253.0 
301.0 253.0 
347.7238 277.41388 
301.0 253.0 
301.0 253.0 
301.0 253.0 
301.0 253.0 
301.0 253.0 
372.00098 309.91367 
363.84314 308.18918 
363.372 336.62234 
301.0 253.0 
380.57602 364.16562 
301.0 253.0 
300.0 252.0 
300.0 252.0 
300.0 252.0 
300.0 252.0 
300.0 252.0 
344.40106 270.80276 
337.64337 273.31735 
300.0 252.0 
300.0 252.0 
300.0 252.0 
300.0 252.0 
363.87396 309.51947 
353.38342 309.41068 
365.9945 337.455 
353.43295 334.7008 
381.70523 364.84525 
362.41846 360.61322 
311.0 253.0 
311.0 253.0 
311.0 253.0 
311.0 253.0 
311.0 253.0 
344.50696 272.5219 
336.02396 274.82147 
311.0 253.0 
311.0 253.0 
311.0 253.0 
311.0 253.0 
360.43988 310.13446 
349.3302 310.5203 
366.6175 338.70117 
347.02692 336.2868 
381.7805 367.2328 
351.24292 361.2411 
301.0 253.0 
301.0 253.0 
301.0 253.0 
301.0 253.0 
301.0 253.0 
340.85947 274.76617 
333.4434 275.61633 
344.46295 295.1678 
301.0 253.0 
336.16672 306.28357 
301.0 253.0 
357.8739 312.16254 
347.27393 311.83496 
365.5267 340.47284 
341.10046 334.68976 
381.60806 365.83038 
338.8729 358.77637 
299.0 253.0 
299.0 253.0 
299.0 253.0 
299.0 253.0 
299.0 253.0 
335.05524 278.32535 
331.65707 278.93536 
334.74036 301.30875 
299.0 253.0 
326.0708 308.8699 
299.0 253.0 
354.6656 314.73712 
343.70215 314.77826 
364.61902 342.02216 
335.10675 339.1823 
382.34637 366.09076 
330.99738 364.77655 
297.0 253.0 
297.0 253.0 
297.0 253.0 
297.0 253.0 
297.0 253.0 
330.2699 278.32373 
325.6457 278.35138 
331.46512 305.27698 
297.0 253.0 
297.0 253.0 
297.0 253.0 
350.66687 312.4529 
340.47766 310.97528 
360.6682 340.06177 
327.3401 333.33856 
380.9851 364.62427 
328.9501 363.00287 
295.0 253.0 
295.0 253.0 
295.0 253.0 
295.0 253.0 
295.0 253.0 
327.66705 278.9735 
295.0 253.0 
328.6144 302.1876 
295.0 253.0 
325.74536 321.00064 
295.0 253.0 
345.19815 315.34137 
295.0 253.0 
360.62598 341.5539 
295.0 253.0 
380.15884 363.1963 
295.0 253.0 
292.0 252.0 
292.0 252.0 
292.0 252.0 
292.0 252.0 
292.0 252.0 
323.30008 285.20282 
292.0 252.0 
325.9416 306.5351 
292.0 252.0 
320.01178 322.07333 
292.0 252.0 
336.60535 315.5363 
345.37564 314.10614 
322.88474 338.21838 
350.68768 339.99463 
329.33914 363.8512 
375.4343 360.41953 
287.0 253.0 
287.0 253.0 
287.0 253.0 
287.0 253.0 
287.0 253.0 
287.0 253.0 
287.0 253.0 
287.0 253.0 
287.0 253.0 
287.0 253.0 
287.0 253.0 
335.62704 315.6508 
325.40845 316.37018 
345.58936 341.54895 
319.84055 339.42538 
370.74796 359.9668 
329.68317 364.41882 
284.0 250.0 
284.0 250.0 
284.0 250.0 
284.0 250.0 
284.0 250.0 
318.00586 280.20544 
312.74478 281.093 
284.0 250.0 
284.0 250.0 
284.0 250.0 
284.0 250.0 
331.83167 313.89734 
325.7363 312.77274 
284.0 250.0 
318.39575 336.75668 
284.0 250.0 
329.0564 362.31427 
275.0 248.0 
275.0 248.0 
275.0 248.0 
275.0 248.0 
275.0 248.0 
312.75293 277.0543 
306.34756 278.16348 
319.44916 299.5778 
275.0 248.0 
275.0 248.0 
275.0 248.0 
321.43268 315.718 
316.6945 315.1137 
320.20016 339.75662 
319.0084 339.19107 
329.08588 362.64526 
326.6548 360.6477 
278.0 247.0 
278.0 247.0 
278.0 247.0 
278.0 247.0 
278.0 247.0 
307.417 275.17636 
300.84286 277.08948 
278.0 247.0 
278.0 247.0 
278.0 247.0 
278.0 247.0 
319.73572 313.5496 
315.11896 313.53116 
319.68332 338.43066 
317.95767 338.24292 
329.6647 361.76132 
328.26974 360.4208 
270.0 246.0 
270.0 246.0 
270.0 246.0 
270.0 246.0 
270.0 246.0 
303.67456 272.00885 
297.71866 273.0855 
270.0 246.0 
270.0 246.0 
270.0 246.0 
270.0 246.0 
315.56262 312.52466 
309.36557 311.89328 
315.82098 337.46252 
314.65286 337.5545 
329.7461 360.25415 
270.0 246.0 
272.0 246.0 
272.0 246.0 
272.0 246.0 
285.68243 263.7401 
272.0 246.0 
301.7218 274.2154 
293.6311 275.2821 
313.45166 294.82855 
272.0 246.0 
313.5895 316.08484 
272.0 246.0 
313.74365 310.7071 
305.12433 312.0301 
312.68674 337.4566 
308.70233 337.95096 
328.88605 361.61838 
326.84955 358.69962 
263.0 245.0 
263.0 245.0 
263.0 245.0 
263.0 245.0 
263.0 245.0 
298.16397 272.6087 
291.79858 273.672 
310.6377 295.13547 
263.0 245.0 
263.0 245.0 
263.0 245.0 
311.95447 312.40256 
309.01788 312.5675 
301.28235 337.32184 
316.99765 338.18536 
316.80954 359.8468 
329.16858 360.93433 
261.0 246.0 
261.0 246.0 
261.0 246.0 
261.0 246.0 
261.0 246.0 
294.3234 273.96005 
290.81192 274.1349 
306.8324 294.1515 
261.0 246.0 
261.0 246.0 
261.0 246.0 
305.62943 313.05392 
308.06613 312.87555 
295.54285 337.146 
315.65878 337.17157 
305.89877 363.02972 
328.79767 361.7038 
260.0 247.0 
260.0 247.0 
260.0 247.0 
260.0 247.0 
260.0 247.0 
287.6297 276.2693 
293.23932 273.5901 
290.02838 299.22418 
260.0 247.0 
260.0 247.0 
260.0 247.0 
302.76514 311.27594 
309.38214 309.4189 
291.18985 336.3322 
314.07108 336.1411 
294.63254 363.61295 
328.05673 360.39978 
259.0 248.0 
259.0 248.0 
259.0 248.0 
259.0 248.0 
259.0 248.0 
286.18106 276.02997 
285.86206 274.6203 
259.0 248.0 
259.0 248.0 
259.0 248.0 
259.0 248.0 
301.4739 311.247 
306.46243 309.03995 
285.88168 337.0313 
314.55072 336.85645 
284.6066 366.1744 
327.7931 361.33737 
257.0 248.0 
257.0 248.0 
257.0 248.0 
257.0 248.0 
257.0 248.0 
283.24335 274.9914 
279.74802 275.50928 
297.86554 292.8844 
257.0 248.0 
257.0 248.0 
257.0 248.0 
298.3968 312.758 
301.30655 311.50784 
281.51334 337.9723 
311.5149 336.99875 
276.8722 368.5852 
327.89935 359.86618 
254.0 240.0 
254.0 240.0 
254.0 240.0 
254.0 240.0 
254.0 240.0 
278.78644 278.52682 
282.01248 276.53912 
254.0 240.0 
254.0 240.0 
254.0 240.0 
254.0 240.0 
291.02316 315.18634 
299.9064 312.88846 
276.65228 339.5569 
311.16327 337.04102 
275.2036 368.2566 
327.06964 360.06274 
253.0 242.0 
253.0 242.0 
253.0 242.0 
253.0 242.0 
253.0 242.0 
273.70575 277.5442 
280.8502 275.6823 
273.97516 297.3694 
253.0 242.0 
265.3273 307.45367 
253.0 242.0 
286.27875 312.95343 
295.5594 311.80414 
271.63873 337.15997 
304.33203 334.5657 
273.7955 368.06607 
324.5793 356.50186 
243.0 250.0 
243.0 250.0 
243.0 250.0 
243.0 250.0 
243.0 250.0 
274.62653 279.40485 
267.61673 280.70364 
288.3237 298.74548 
243.0 250.0 
243.0 250.0 
243.0 250.0 
284.2789 317.4351 
287.54462 317.121 
267.02396 339.93335 
301.72327 338.1641 
274.64188 369.4681 
322.87057 358.3743 
239.0 250.0 
239.0 250.0 
239.0 250.0 
239.0 250.0 
239.0 250.0 
273.84357 281.09045 
263.2676 283.21426 
284.08997 300.10114 
239.0 250.0 
239.0 250.0 
239.0 250.0 
283.25854 317.92767 
277.32935 317.51108 
265.7795 339.73843 
265.9383 340.5371 
274.96692 368.86188 
274.50296 368.29883 
243.0 251.0 
243.0 251.0 
243.0 251.0 
243.0 251.0 
243.0 251.0 
264.17844 277.9128 
243.0 251.0 
243.0 251.0 
243.0 251.0 
243.0 251.0 
243.0 251.0 
275.75333 317.74255 
281.84357 315.6234 
262.8401 340.409 
285.83966 340.57843 
273.1564 369.09515 
311.4249 354.72107 
239.0 251.0 
239.0 251.0 
239.0 251.0 
239.0 251.0 
239.0 251.0 
256.72882 280.96854 
239.0 251.0 
239.0 251.0 
239.0 251.0 
239.0 251.0 
239.0 251.0 
265.9579 317.58862 
275.69836 315.8732 
261.88956 341.83752 
239.0 251.0 
273.7355 367.63394 
239.0 251.0 
236.0 251.0 
236.0 251.0 
236.0 251.0 
236.0 251.0 
236.0 251.0 
252.0981 280.44125 
264.6622 277.80258 
236.0 251.0 
236.0 251.0 
236.0 251.0 
236.0 251.0 
262.49725 319.64233 
268.52145 316.9797 
262.16342 343.37616 
264.41403 340.6012 
273.90997 368.17014 
236.0 251.0 
230.0 250.0 
230.0 250.0 
230.0 250.0 
230.0 250.0 
230.0 250.0 
247.52533 282.09436 
262.83868 277.80716 
230.0 250.0 
230.0 250.0 
230.0 250.0 
230.0 250.0 
257.23294 321.19965 
264.11047 318.5326 
263.1697 344.82135 
266.3963 342.39902 
274.47455 368.24356 
230.0 250.0 
219.0 250.0 
219.0 250.0 
219.0 250.0 
219.0 250.0 
219.0 250.0 
246.23639 276.1979 
219.0 250.0 
244.76584 298.11493 
219.0 250.0 
219.0 250.0 
219.0 250.0 
252.7334 316.55457 
245.82349 315.2978 
260.36548 341.89975 
240.94557 336.05023 
272.24142 367.3188 
252.30232 361.31897 
208.0 251.0 
208.0 251.0 
208.0 251.0 
208.0 251.0 
208.0 251.0 
237.42957 277.48 
208.0 251.0 
234.79488 298.06668 
208.0 251.0 
226.21239 312.45483 
208.0 251.0 
247.85684 316.42435 
239.09119 316.03217 
258.875 342.2613 
232.0321 339.4112 
273.44598 366.12952 
230.94455 362.1994 
205.0 251.0 
205.0 251.0 
205.0 251.0 
205.0 251.0 
205.0 251.0 
231.54926 275.19263 
205.0 251.0 
231.6145 298.0636 
205.0 251.0 
219.17874 312.23212 
205.0 251.0 
245.00826 316.3804 
237.3442 316.3736 
256.39197 341.1654 
228.70522 338.9909 
272.51154 366.0678 
223.33798 363.57697 
202.0 251.0 
202.0 251.0 
202.0 251.0 
202.0 251.0 
202.0 251.0 
224.99815 279.589 
236.68025 277.13556 
224.93826 300.3139 
202.0 251.0 
218.02176 311.85754 
202.0 251.0 
233.26732 317.8649 
244.24838 316.57727 
224.83382 341.3803 
254.71817 341.72253 
217.52644 364.57315 
271.66132 365.10144 
200.0 251.0 
200.0 251.0 
200.0 251.0 
200.0 251.0 
200.0 251.0 
223.29439 282.9944 
231.52872 281.05725 
221.45181 304.1259 
200.0 251.0 
208.63194 313.97586 
200.0 251.0 
229.48381 320.96582 
239.2597 319.4168 
220.2038 342.67395 
250.59766 343.04852 
213.49927 366.8174 
271.4157 363.8698 
197.0 250.0 
197.0 250.0 
197.0 250.0 
197.0 250.0 
197.0 250.0 
219.2632 279.85297 
224.76999 277.75684 
216.94772 302.59735 
197.0 250.0 
204.65816 315.34344 
197.0 250.0 
227.2216 319.7044 
234.0364 317.9043 
215.92084 342.90463 
246.02098 342.14838 
212.79579 367.37787 
265.7507 360.49847 
195.0 251.0 
195.0 251.0 
195.0 251.0 
195.0 251.0 
195.0 251.0 
213.48743 282.10593 
221.94872 278.90625 
211.8821 305.9358 
195.0 251.0 
200.21756 316.20978 
195.0 251.0 
222.39275 320.73636 
229.18024 317.9513 
210.5926 342.00873 
236.9649 343.4387 
212.93948 368.00766 
263.45587 360.32922 
190.0 251.0 
190.0 251.0 
190.0 251.0 
190.0 251.0 
190.0 251.0 
209.95128 279.5593 
214.90404 277.82294 
209.75217 303.261 
190.0 251.0 
200.65068 314.9429 
190.0 251.0 
217.19981 319.4936 
223.59673 317.82217 
208.86673 341.90543 
231.75134 344.2254 
213.83594 368.24695 
257.80872 359.82385 
163.0 248.0 
163.0 248.0 
163.0 248.0 
163.0 248.0 
163.0 248.0 
188.89032 277.89047 
163.0 248.0 
163.0 248.0 
163.0 248.0 
163.0 248.0 
163.0 248.0 
194.931 318.89856 
195.3269 317.8764 
183.63167 340.1326 
201.41109 341.09793 
163.0 248.0 
163.0 248.0 
163.0 249.0 
163.0 249.0 
163.0 249.0 
163.0 249.0 
163.0 249.0 
187.26837 278.32602 
163.0 249.0 
163.0 249.0 
163.0 249.0 
163.0 249.0 
163.0 249.0 
192.0086 317.7856 
193.38152 317.1699 
180.56342 341.51135 
201.53983 341.01175 
163.0 249.0 
212.71976 364.4497 
160.0 250.0 
160.0 250.0 
160.0 250.0 
160.0 250.0 
160.0 250.0 
183.68909 277.9649 
181.38657 278.0338 
193.54256 302.31683 
160.0 250.0 
160.0 250.0 
160.0 250.0 
188.90387 319.10275 
192.72238 317.80566 
174.10141 343.0695 
202.44016 341.74286 
176.61949 372.1122 
212.76802 364.59094 
157.0 243.0 
157.0 243.0 
157.0 243.0 
157.0 243.0 
157.0 243.0 
179.75331 279.48972 
175.62743 279.80884 
188.31729 301.48782 
157.0 243.0 
157.0 243.0 
157.0 243.0 
183.8242 318.43817 
190.16565 317.26578 
172.73224 342.22308 
200.79413 341.0846 
169.98747 368.63754 
212.95071 364.88843 
143.0 253.0 
143.0 253.0 
143.0 253.0 
143.0 253.0 
143.0 253.0 
174.48895 282.57446 
177.94725 281.64783 
143.0 253.0 
143.0 253.0 
143.0 253.0 
143.0 253.0 
179.73221 322.3481 
188.52583 320.13174 
168.46976 344.50403 
200.66551 342.943 
162.61671 369.7022 
212.5835 365.0974 
142.0 254.0 
142.0 254.0 
142.0 254.0 
142.0 254.0 
142.0 254.0 
166.27649 284.7586 
178.16216 282.63327 
163.963 304.37817 
142.0 254.0 
152.81114 312.1571 
142.0 254.0 
175.2638 322.53003 
187.50934 321.00656 
165.34186 346.6692 
198.93188 342.57715 
158.47624 372.1282 
211.75113 365.02902 
140.0 256.0 
140.0 256.0 
140.0 256.0 
140.0 256.0 
140.0 256.0 
164.64957 284.31705 
140.0 256.0 
140.0 256.0 
140.0 256.0 
140.0 256.0 
140.0 256.0 
172.72787 320.9112 
183.03717 320.11206 
160.39804 344.9022 
194.57108 342.64093 
158.42625 372.20377 
209.98535 364.01697 
139.0 254.0 
139.0 254.0 
139.0 254.0 
139.0 254.0 
139.0 254.0 
165.72507 285.6733 
161.66702 286.7383 
139.0 254.0 
139.0 254.0 
139.0 254.0 
139.0 254.0 
167.09676 322.93063 
173.84134 321.61237 
155.75671 345.6109 
187.6437 342.67554 
156.64874 373.03262 
207.32617 360.93747 
133.0 254.0 
133.0 254.0 
133.0 254.0 
133.0 254.0 
133.0 254.0 
154.10439 288.30093 
167.93271 285.06973 
155.19588 307.32504 
133.0 254.0 
133.0 254.0 
133.0 254.0 
163.5881 323.49405 
175.71829 322.0845 
153.04692 344.65457 
181.73863 342.04794 
157.0522 370.2271 
205.19586 361.4275 
134.0 255.0 
134.0 255.0 
134.0 255.0 
134.0 255.0 
134.0 255.0 
156.82257 282.97028 
134.0 255.0 
134.0 255.0 
134.0 255.0 
134.0 255.0 
134.0 255.0 
162.1672 322.3604 
167.21725 321.6775 
151.20667 344.99902 
177.72313 344.01886 
156.7706 371.30948 
201.30618 359.02258 
126.0 256.0 
126.0 256.0 
126.0 256.0 
126.0 256.0 
126.0 256.0 
155.61469 287.02197 
146.34587 287.9796 
126.0 256.0 
126.0 256.0 
126.0 256.0 
126.0 256.0 
157.50674 322.48218 
160.33861 321.04462 
149.90688 345.0246 
169.75546 343.12088 
155.97603 369.94943 
191.88342 356.4006 
121.0 256.0 
121.0 256.0 
121.0 256.0 
121.0 256.0 
121.0 256.0 
148.23552 286.17487 
121.0 256.0 
121.0 256.0 
121.0 256.0 
121.0 256.0 
121.0 256.0 
156.05704 322.5707 
165.32718 319.6706 
148.96007 345.72028 
163.12146 342.10815 
156.80858 370.66144 
187.63834 359.4413 
80.0 258.0 
80.0 258.0 
80.0 258.0 
80.0 258.0 
80.0 258.0 
103.44379 286.01978 
115.57982 285.48294 
103.89029 308.33423 
80.0 258.0 
95.96929 322.17603 
80.0 258.0 
112.323746 324.83597 
121.89421 323.36087 
102.706635 347.27155 
132.9963 348.31296 
99.71828 370.3178 
153.12042 369.66626 
67.0 257.0 
67.0 257.0 
67.0 257.0 
67.0 257.0 
67.0 257.0 
96.898964 287.0306 
67.0 257.0 
99.44265 308.69418 
67.0 257.0 
91.14827 324.43335 
67.0 257.0 
107.37755 324.25693 
114.94174 322.42706 
67.0 257.0 
67.0 257.0 
67.0 257.0 
67.0 257.0 
5.0 262.0 
5.0 262.0 
5.0 262.0 
5.0 262.0 
5.0 262.0 
5.0 262.0 
5.0 262.0 
5.0 262.0 
5.0 262.0 
5.0 262.0 
5.0 262.0 
50.080296 324.66882 
39.846203 324.6565 
27.176517 345.11487 
5.0 262.0 
30.296368 372.87375 
5.0 262.0 
-1.0 260.0 
-1.0 260.0 
-1.0 260.0 
-1.0 260.0 
-1.0 260.0 
-1.0 260.0 
-1.0 260.0 
-1.0 260.0 
-1.0 260.0 
-1.0 260.0 
-1.0 260.0 
40.668037 327.43933 
49.329403 325.70834 
24.910297 346.38104 
58.15735 347.1065 
29.134418 372.95868 
76.417595 360.85504 
-4.0 269.0 
-4.0 269.0 
-4.0 269.0 
-4.0 269.0 
-4.0 269.0 
-4.0 269.0 
-4.0 269.0 
-4.0 269.0 
-4.0 269.0 
-4.0 269.0 
-4.0 269.0 
33.57097 330.57928 
46.316486 328.9064 
22.289764 346.38464 
53.717735 347.8759 
29.875565 370.99655 
77.613396 362.59662 
-1.0 269.0 
-1.0 269.0 
-1.0 269.0 
-1.0 269.0 
-1.0 269.0 
-1.0 269.0 
-1.0 269.0 
-1.0 269.0 
-1.0 269.0 
-1.0 269.0 
-1.0 269.0 
31.978912 330.20276 
40.76485 328.90695 
21.45805 347.68124 
45.2443 345.87238 
28.803955 372.01428 
67.50272 359.2627 
-4.0 260.0 
-4.0 260.0 
-4.0 260.0 
-4.0 260.0 
-4.0 260.0 
-4.0 260.0 
-4.0 260.0 
-4.0 260.0 
-4.0 260.0 
-4.0 260.0 
-4.0 260.0 
30.839405 329.24417 
35.721992 328.44427 
19.416643 348.1267 
39.074615 345.8838 
27.984053 372.3686 
60.56041 358.19885 
