0 841.0 288.0 
1 841.0 288.0 
2 841.0 288.0 
3 841.0 288.0 
4 841.0 288.0 
5 879.10626 357.91937 
6 942.70184 363.92676 
7 859.9054 397.3737 
8 953.35944 410.33972 
9 856.08997 424.5475 
10 931.8076 433.14777 
11 880.2911 439.4651 
12 918.5965 442.30542 
13 867.5479 492.83136 
14 907.69836 493.22275 
15 874.14886 544.87524 
16 903.55365 548.3927 
0 839.0 298.0 
1 839.0 298.0 
2 839.0 298.0 
3 896.6825 328.20193 
4 925.0718 328.14188 
5 883.5748 363.57147 
6 943.5651 366.1733 
7 859.78406 404.86978 
8 954.7024 412.6613 
9 846.98346 416.8109 
10 929.9453 431.22607 
11 881.51843 454.77896 
12 919.84155 458.7815 
13 861.5185 497.175 
14 906.83813 495.58673 
15 874.72687 546.88916 
16 903.32245 546.5024 
0 827.0 299.0 
1 827.0 299.0 
2 827.0 299.0 
3 895.04956 335.05743 
4 925.5751 333.5132 
5 883.597 366.51385 
6 943.2333 368.2959 
7 859.87317 404.54248 
8 956.937 413.99387 
9 827.0 299.0 
10 933.3498 427.1322 
11 884.22235 450.25055 
12 923.4579 452.70825 
13 859.214 495.16602 
14 903.66516 499.47754 
15 877.05975 544.4335 
16 906.3492 545.7146 
0 817.0 309.0 
1 817.0 309.0 
2 817.0 309.0 
3 896.01074 339.77332 
4 926.12463 335.58047 
5 882.6125 371.45123 
6 943.692 371.71686 
7 855.6337 398.98914 
8 959.55084 417.99493 
9 836.8012 391.96576 
10 935.9348 429.0588 
11 883.24493 453.646 
12 922.49274 457.18085 
13 856.0046 495.0943 
14 901.31604 502.26236 
15 877.57196 541.9954 
16 909.3516 545.8714 
0 818.0 313.0 
1 818.0 313.0 
2 818.0 313.0 
3 895.114 350.96252 
4 924.37006 344.9712 
5 885.2541 382.64038 
6 943.3626 376.91357 
7 844.40375 391.4168 
8 961.6406 420.41125 
9 834.1515 375.63608 
10 940.227 422.97366 
11 890.25543 465.3684 
12 924.5702 465.99255 
13 852.0153 496.33987 
14 898.0376 507.88907 
15 883.3362 544.3819 
16 911.1366 539.7721 
0 831.0 324.0 
1 831.0 324.0 
2 831.0 324.0 
3 896.2298 354.28726 
4 923.38043 351.8855 
5 884.7888 383.07507 
6 940.87195 379.0594 
7 848.89606 384.22766 
8 964.0768 420.9221 
9 850.3473 364.65567 
10 948.261 430.15637 
11 888.4646 472.94476 
12 924.54144 473.20135 
13 849.5751 500.89148 
14 893.7261 513.024 
15 887.7553 539.5746 
16 907.0447 531.458 
0 835.0 327.0 
1 835.0 327.0 
2 835.0 327.0 
3 894.8515 358.66055 
4 922.67236 356.736 
5 884.0019 386.11792 
6 939.57605 382.5882 
7 858.9437 384.66144 
8 963.3606 419.52707 
9 852.7614 361.7384 
10 942.79456 432.05878 
11 890.46136 476.72244 
12 929.11926 479.43466 
13 850.8191 498.45438 
14 896.2755 514.19324 
15 883.2665 539.9312 
16 835.0 327.0 
0 835.0 338.0 
1 835.0 338.0 
2 835.0 338.0 
3 895.76434 361.69522 
4 922.59766 361.5932 
5 888.44556 391.35123 
6 940.18835 387.8028 
7 864.47736 385.81268 
8 963.2734 421.17593 
9 868.79486 358.77487 
10 947.9386 432.80396 
11 893.143 485.05258 
12 931.0183 484.13507 
13 854.7439 500.81885 
14 889.34485 518.81335 
15 883.1198 544.99414 
16 835.0 338.0 
0 836.0 341.0 
1 836.0 341.0 
2 836.0 341.0 
3 894.1566 372.6961 
4 923.79333 372.32593 
5 884.847 394.887 
6 939.6635 395.38135 
7 861.0308 384.32162 
8 964.58777 422.72308 
9 880.1244 363.9311 
10 946.8237 440.8455 
11 892.2203 482.90814 
12 929.7629 487.41187 
13 854.06696 499.1754 
14 836.0 341.0 
15 885.1967 543.7439 
16 836.0 341.0 
0 844.0 344.0 
1 844.0 344.0 
2 844.0 344.0 
3 844.0 344.0 
4 923.92834 378.6434 
5 884.14966 398.1776 
6 939.9596 403.08313 
7 862.90625 391.4527 
8 963.10034 432.11395 
9 882.04694 376.1145 
10 844.0 344.0 
11 894.23083 492.2724 
12 931.91785 495.1975 
13 855.36066 497.84924 
14 844.0 344.0 
15 882.66925 542.6594 
16 844.0 344.0 
0 844.0 356.0 
1 844.0 356.0 
2 844.0 356.0 
3 896.3461 382.2072 
4 924.84436 385.50653 
5 881.2555 401.21793 
6 937.6934 409.13135 
7 860.2478 397.81024 
8 963.213 436.73865 
9 886.3324 388.11215 
10 844.0 356.0 
11 897.0628 494.24323 
12 934.75745 502.30164 
13 858.3837 499.80106 
14 844.0 356.0 
15 885.97034 539.831 
16 844.0 356.0 
0 845.0 359.0 
1 845.0 359.0 
2 845.0 359.0 
3 898.4361 390.67825 
4 925.876 394.1232 
5 889.91016 412.052 
6 940.62756 419.6245 
7 859.32306 412.928 
8 959.6017 454.72473 
9 845.0 359.0 
10 845.0 359.0 
11 904.7966 500.97668 
12 938.5571 508.17438 
13 862.24866 499.67877 
14 845.0 359.0 
15 887.45844 542.5478 
16 845.0 359.0 
0 845.0 371.0 
1 845.0 371.0 
2 845.0 371.0 
3 900.5212 398.90463 
4 927.8344 400.37366 
5 892.5409 419.78418 
6 940.3589 425.58505 
7 863.4265 431.5854 
8 958.9032 458.57812 
9 845.0 371.0 
10 845.0 371.0 
11 903.0156 505.80792 
12 941.848 511.08554 
13 863.86206 502.6673 
14 845.0 371.0 
15 889.5456 543.7659 
16 845.0 371.0 
0 847.0 375.0 
1 847.0 375.0 
2 847.0 375.0 
3 905.32715 403.0746 
4 931.3808 407.71875 
5 900.97595 425.00806 
6 948.2543 434.75565 
7 871.2528 448.7749 
8 847.0 375.0 
9 875.2542 428.62885 
10 847.0 375.0 
11 910.1991 505.71295 
12 945.66785 514.0821 
13 869.61414 505.44666 
14 847.0 375.0 
15 891.8736 544.28516 
16 847.0 375.0 
0 859.0 381.0 
1 859.0 381.0 
2 859.0 381.0 
3 908.47925 408.75806 
4 934.58777 412.0303 
5 904.8591 429.0686 
6 949.70276 438.39212 
7 875.3563 459.10687 
8 963.87866 473.3204 
9 859.0 381.0 
10 859.0 381.0 
11 913.6404 506.35687 
12 950.81433 513.0746 
13 873.5584 512.5913 
14 859.0 381.0 
15 900.06683 544.1615 
16 859.0 381.0 
0 863.0 395.0 
1 863.0 395.0 
2 863.0 395.0 
3 911.02734 414.31158 
4 863.0 395.0 
5 910.7737 433.23697 
6 951.54944 442.99905 
7 881.31683 465.47424 
8 863.0 395.0 
9 863.0 395.0 
10 863.0 395.0 
11 914.89325 512.8271 
12 950.3313 520.0327 
13 874.1073 517.59344 
14 863.0 395.0 
15 863.0 395.0 
16 863.0 395.0 
0 869.0 401.0 
1 869.0 401.0 
2 869.0 401.0 
3 869.0 401.0 
4 869.0 401.0 
5 915.5781 439.30695 
6 966.79987 455.64584 
7 886.9782 468.5779 
8 972.7096 496.9583 
9 869.0 401.0 
10 869.0 401.0 
11 915.81134 510.9184 
12 953.5627 522.0472 
13 869.0 401.0 
14 869.0 401.0 
15 869.0 401.0 
16 869.0 401.0 
0 877.0 410.0 
1 877.0 410.0 
2 877.0 410.0 
3 877.0 410.0 
4 877.0 410.0 
5 919.11755 444.10504 
6 974.2154 465.91534 
7 896.029 474.64105 
8 877.0 410.0 
9 877.0 410.0 
10 877.0 410.0 
11 917.5969 512.66046 
12 956.2434 523.3838 
13 877.0 410.0 
14 877.0 410.0 
15 877.0 410.0 
16 877.0 410.0 
0 880.0 414.0 
1 880.0 414.0 
2 880.0 414.0 
3 880.0 414.0 
4 880.0 414.0 
5 923.0787 447.8087 
6 977.78845 466.0533 
7 903.98224 479.8102 
8 880.0 414.0 
9 880.0 414.0 
10 880.0 414.0 
11 925.4176 507.66132 
12 959.5654 518.841 
13 880.0 414.0 
14 880.0 414.0 
15 880.0 414.0 
16 880.0 414.0 
0 821.0 437.0 
1 821.0 437.0 
2 821.0 437.0 
3 821.0 437.0 
4 821.0 437.0 
5 944.3239 455.88812 
6 993.3901 478.60257 
7 924.0586 477.2591 
8 821.0 437.0 
9 821.0 437.0 
10 821.0 437.0 
11 940.2435 497.3114 
12 969.19403 515.4822 
13 821.0 437.0 
14 821.0 437.0 
15 821.0 437.0 
16 821.0 437.0 
