0 515.0 374.0 
1 515.0 374.0 
2 515.0 374.0 
3 515.0 374.0 
4 515.0 374.0 
5 515.0 374.0 
6 626.2552 416.91245 
7 515.0 374.0 
8 610.9673 446.77814 
9 515.0 374.0 
10 622.9434 460.27597 
11 515.0 374.0 
12 586.9808 451.17203 
13 515.0 374.0 
14 515.0 374.0 
15 515.0 374.0 
16 515.0 374.0 
0 514.0 374.0 
1 514.0 374.0 
2 514.0 374.0 
3 514.0 374.0 
4 643.48914 397.9243 
5 609.5094 388.46323 
6 628.0153 413.8784 
7 514.0 374.0 
8 611.2436 452.01575 
9 514.0 374.0 
10 624.5689 460.3671 
11 563.1638 432.61407 
12 584.835 453.0136 
13 514.0 374.0 
14 514.0 374.0 
15 514.0 374.0 
16 514.0 374.0 
0 519.0 373.0 
1 519.0 373.0 
2 519.0 373.0 
3 519.0 373.0 
4 519.0 373.0 
5 519.0 373.0 
6 628.2938 418.1764 
7 519.0 373.0 
8 611.4322 450.34775 
9 519.0 373.0 
10 622.507 461.38742 
11 519.0 373.0 
12 586.8161 455.65958 
13 519.0 373.0 
14 519.0 373.0 
15 519.0 373.0 
16 519.0 373.0 
0 486.0 396.0 
1 486.0 396.0 
2 486.0 396.0 
3 486.0 396.0 
4 486.0 396.0 
5 486.0 396.0 
6 486.0 396.0 
7 486.0 396.0 
8 486.0 396.0 
9 486.0 396.0 
10 486.0 396.0 
11 555.8335 453.30258 
12 486.0 396.0 
13 529.0099 410.8957 
14 486.0 396.0 
15 500.98846 448.3543 
16 486.0 396.0 
0 488.0 395.0 
1 488.0 395.0 
2 488.0 395.0 
3 488.0 395.0 
4 488.0 395.0 
5 488.0 395.0 
6 488.0 395.0 
7 488.0 395.0 
8 488.0 395.0 
9 488.0 395.0 
10 488.0 395.0 
11 557.321 454.2569 
12 488.0 395.0 
13 532.1572 410.38 
14 488.0 395.0 
15 502.584 447.34366 
16 488.0 395.0 
0 488.0 396.0 
1 488.0 396.0 
2 488.0 396.0 
3 488.0 396.0 
4 488.0 396.0 
5 488.0 396.0 
6 488.0 396.0 
7 488.0 396.0 
8 488.0 396.0 
9 488.0 396.0 
10 488.0 396.0 
11 559.8924 454.23718 
12 488.0 396.0 
13 534.8963 411.40314 
14 488.0 396.0 
15 503.7301 447.79782 
16 488.0 396.0 
0 488.0 404.0 
1 488.0 404.0 
2 488.0 404.0 
3 488.0 404.0 
4 488.0 404.0 
5 488.0 404.0 
6 488.0 404.0 
7 488.0 404.0 
8 488.0 404.0 
9 488.0 404.0 
10 488.0 404.0 
11 559.6304 450.41885 
12 488.0 404.0 
13 535.35345 412.48508 
14 488.0 404.0 
15 504.06476 447.3689 
16 488.0 404.0 
