0 213.0 287.0 
1 213.0 287.0 
2 213.0 287.0 
3 213.0 287.0 
4 213.0 287.0 
5 292.55225 318.181 
6 246.25905 317.65475 
7 297.99387 349.97266 
8 227.60829 349.12506 
9 213.0 287.0 
10 223.44604 377.10773 
11 282.9494 375.1773 
12 251.5126 377.5558 
13 293.65735 418.3242 
14 255.98584 423.88144 
15 286.43808 462.23273 
16 262.09967 469.08624 
0 211.0 287.0 
1 211.0 287.0 
2 211.0 287.0 
3 211.0 287.0 
4 211.0 287.0 
5 291.77103 319.12912 
6 248.11267 316.80487 
7 297.29303 351.24518 
8 226.08937 345.95575 
9 211.0 287.0 
10 223.5888 377.2244 
11 280.93628 374.15396 
12 252.7238 377.21088 
13 292.32886 413.4809 
14 255.67043 422.06152 
15 288.20154 461.25238 
16 262.93692 468.852 
0 210.0 289.0 
1 210.0 289.0 
2 210.0 289.0 
3 210.0 289.0 
4 210.0 289.0 
5 291.5489 322.23047 
6 245.28806 318.01962 
7 294.75534 354.51102 
8 222.90178 343.7558 
9 210.0 289.0 
10 220.09093 376.31082 
11 280.1769 374.28046 
12 249.52827 376.72015 
13 290.8359 411.98755 
14 255.20773 419.36438 
15 289.09726 456.79193 
16 263.6375 467.8239 
0 208.0 299.0 
1 208.0 299.0 
2 208.0 299.0 
3 208.0 299.0 
4 208.0 299.0 
5 289.27808 323.68765 
6 246.38647 318.8652 
7 295.5852 352.03052 
8 221.49812 343.82535 
9 208.0 299.0 
10 216.10391 377.30267 
11 279.32178 373.8147 
12 250.47102 376.98624 
13 288.9375 417.22595 
14 254.86652 420.7495 
15 293.36606 463.2955 
16 263.65128 467.20746 
0 197.0 302.0 
1 197.0 302.0 
2 197.0 302.0 
3 197.0 302.0 
4 197.0 302.0 
5 197.0 302.0 
6 245.15128 321.9375 
7 197.0 302.0 
8 220.90213 346.09186 
9 197.0 302.0 
10 197.0 302.0 
11 276.96133 378.6714 
12 249.95169 378.58368 
13 285.94086 418.0318 
14 254.27449 425.05807 
15 294.43207 458.85138 
16 262.69754 468.30774 
0 194.0 306.0 
1 194.0 306.0 
2 194.0 306.0 
3 194.0 306.0 
4 194.0 306.0 
5 290.59576 336.1072 
6 248.02977 328.34775 
7 295.26373 362.0855 
8 219.07666 352.00516 
9 290.125 376.1711 
10 207.59978 376.6053 
11 279.51334 384.32 
12 251.28719 384.73935 
13 287.6816 424.4449 
14 253.62991 428.90295 
15 297.1451 465.83972 
16 263.0495 473.99246 
0 186.0 317.0 
1 186.0 317.0 
2 186.0 317.0 
3 186.0 317.0 
4 186.0 317.0 
5 288.48285 340.9349 
6 244.2485 337.37222 
7 295.61032 367.64536 
8 216.99341 358.5771 
9 289.3312 381.0052 
10 203.91956 380.19333 
11 279.1399 386.84332 
12 249.83612 387.39563 
13 288.93787 426.57852 
14 253.36444 429.36032 
15 298.2275 466.2317 
16 263.36798 474.41998 
0 185.0 321.0 
1 185.0 321.0 
2 185.0 321.0 
3 185.0 321.0 
4 185.0 321.0 
5 288.7821 348.20932 
6 242.67041 345.19055 
7 294.11658 376.41864 
8 215.34222 366.68524 
9 185.0 321.0 
10 201.80138 386.13525 
11 279.15936 387.24228 
12 249.5554 385.90555 
13 289.1671 425.0193 
14 251.03564 427.40765 
15 298.7115 461.20923 
16 263.09616 474.30298 
0 186.0 324.0 
1 186.0 324.0 
2 186.0 324.0 
3 186.0 324.0 
4 186.0 324.0 
5 186.0 324.0 
6 239.41986 353.4106 
7 186.0 324.0 
8 214.17908 375.75266 
9 186.0 324.0 
10 201.77982 398.29907 
11 186.0 324.0 
12 250.42566 389.27365 
13 186.0 324.0 
14 251.1597 427.57953 
15 186.0 324.0 
16 263.8227 475.1382 
0 191.0 337.0 
1 191.0 337.0 
2 191.0 337.0 
3 191.0 337.0 
4 191.0 337.0 
5 290.39185 372.07227 
6 241.13354 378.35443 
7 191.0 337.0 
8 191.0 337.0 
9 191.0 337.0 
10 191.0 337.0 
11 282.56564 388.45416 
12 250.29654 386.2723 
13 292.05927 429.92215 
14 249.8169 431.79263 
15 309.11072 464.0982 
16 264.089 478.27625 
