0 230.0 252.0 
1 230.0 252.0 
2 230.0 252.0 
3 230.0 252.0 
4 313.4938 280.35294 
5 266.16785 292.7322 
6 311.5887 300.82324 
7 244.85439 318.78577 
8 320.2129 334.56366 
9 257.93454 338.88474 
10 328.90793 364.73645 
11 260.46097 367.62134 
12 289.61462 371.0857 
13 256.54785 417.79657 
14 303.42407 417.01324 
15 245.99542 468.252 
16 310.47574 466.9452 
0 803.1249 214.1783 
1 805.1124 211.7836 
2 801.10767 211.26358 
3 755.0 197.0 
4 793.3699 209.26175 
5 802.93585 223.86087 
6 780.29755 218.98259 
7 801.792 240.76534 
8 767.7483 233.7305 
9 755.0 197.0 
10 765.9385 252.51517 
11 790.8135 246.28682 
12 775.4498 244.63411 
13 807.99646 255.37718 
14 784.4385 252.98666 
15 797.5842 281.74902 
16 784.7816 282.29218 
0 349.7101 311.89865 
1 353.6402 307.7582 
2 348.0797 307.46796 
3 366.32016 307.51294 
4 329.0 282.0 
5 382.79874 323.71335 
6 344.47366 322.36017 
7 395.78748 355.4495 
8 338.81396 347.18716 
9 383.13022 381.06946 
10 329.0 282.0 
11 385.55457 361.0433 
12 362.0145 361.13507 
13 380.85837 385.77747 
14 345.88647 382.2375 
15 377.69394 420.74908 
16 367.13187 412.6444 
0 450.5677 221.62848 
1 452.92398 219.0423 
2 424.0 201.0 
3 463.3964 216.74104 
4 424.0 201.0 
5 472.44083 234.55971 
6 452.0356 228.48465 
7 473.9568 265.9487 
8 443.03683 248.73003 
9 461.92245 287.80823 
10 433.67368 268.25635 
11 463.97726 275.16162 
12 449.50995 271.17465 
13 447.57516 299.91125 
14 436.83173 294.72995 
15 453.9149 334.38177 
16 450.06317 327.24347 
0 518.3519 134.23581 
1 482.0 113.0 
2 517.0254 131.30444 
3 482.0 113.0 
4 510.12015 130.2603 
5 514.983 143.64262 
6 499.34686 141.84897 
7 514.50854 159.46884 
8 489.31494 154.33694 
9 482.0 113.0 
10 482.0 113.0 
11 510.87323 178.55038 
12 498.1878 178.20073 
13 514.903 202.21097 
14 496.26282 204.11081 
15 516.2111 226.41376 
16 491.53665 227.58032 
0 227.0 261.0 
1 227.0 261.0 
2 227.0 261.0 
3 291.02756 275.67453 
4 312.46558 281.66293 
5 264.3433 295.17926 
6 310.4149 302.37265 
7 241.84058 317.9796 
8 317.21503 337.07758 
9 227.0 261.0 
10 327.3301 369.4818 
11 257.79614 367.82242 
12 287.3242 373.177 
13 252.49588 418.25415 
14 301.1385 418.01813 
15 241.73625 467.49078 
16 310.94684 466.659 
0 802.98676 218.71338 
1 805.37946 216.2637 
2 800.6279 215.62418 
3 755.0 200.0 
4 792.4205 212.54483 
5 803.75793 226.92967 
6 780.5508 222.56003 
7 755.0 200.0 
8 766.89923 238.56958 
9 755.0 200.0 
10 764.6803 257.2985 
11 790.88293 250.11018 
12 775.06714 249.46765 
13 809.43677 255.55331 
14 784.75635 254.21336 
15 798.59247 282.90186 
16 784.9383 283.19598 
0 421.0 202.0 
1 421.0 202.0 
2 421.0 202.0 
3 461.00995 219.61136 
4 421.0 202.0 
5 470.80606 235.4792 
6 449.59317 231.14676 
7 473.31036 264.38654 
8 440.0905 251.97726 
9 421.0 202.0 
10 429.817 273.46765 
11 466.24783 276.00616 
12 451.83908 273.14044 
13 449.5223 301.54675 
14 432.54187 294.75055 
15 454.4055 333.154 
16 442.50067 327.5584 
0 350.22705 317.4641 
1 354.3536 312.82507 
2 348.24277 312.7743 
3 367.40036 312.932 
4 329.0 284.0 
5 382.98285 327.09113 
6 345.7826 327.20172 
7 393.97156 360.04135 
8 337.95782 352.07086 
9 381.07718 384.63324 
10 329.0 284.0 
11 387.0232 363.75006 
12 361.95233 362.93555 
13 381.73743 385.1349 
14 345.46103 382.78558 
15 377.27264 419.88715 
16 367.45813 411.70496 
0 518.7629 136.02748 
1 477.0 114.0 
2 517.68365 133.24832 
3 477.0 114.0 
4 511.60867 131.07207 
5 516.34106 144.37762 
6 499.87973 142.99475 
7 516.6191 161.18608 
8 490.98206 154.23096 
9 517.7385 176.00923 
10 477.0 114.0 
11 510.82462 179.1229 
12 498.43884 178.3601 
13 516.7668 202.83896 
14 498.14206 204.39064 
15 520.2264 226.6837 
16 491.69904 228.30267 
0 225.0 263.0 
1 225.0 263.0 
2 225.0 263.0 
3 225.0 263.0 
4 310.02258 284.07062 
5 262.57278 296.22604 
6 307.34433 303.87048 
7 239.73415 319.03763 
8 314.40796 343.2979 
9 225.0 263.0 
10 326.54288 373.07135 
11 253.83261 369.01956 
12 282.88922 373.8935 
13 248.74417 420.0383 
14 299.2508 418.2846 
15 238.14835 473.51468 
16 310.82864 467.68423 
0 803.44977 223.01794 
1 805.4542 220.56487 
2 801.1237 220.24138 
3 755.0 201.0 
4 793.31384 218.10382 
5 802.9603 230.29314 
6 779.79126 227.91757 
7 801.18396 248.0573 
8 767.3276 243.37456 
9 755.0 201.0 
10 763.01654 262.9439 
11 792.4502 254.78203 
12 775.2185 254.61401 
13 810.3473 257.46817 
14 784.9435 255.85367 
15 798.57 282.85815 
16 785.7216 283.10028 
0 444.98535 229.00581 
1 447.77325 226.45796 
2 419.0 204.0 
3 457.86368 224.2451 
4 419.0 204.0 
5 469.25458 238.68976 
6 446.96936 233.44025 
7 471.40686 268.11197 
8 436.94467 254.9584 
9 419.0 204.0 
10 427.87723 277.3037 
11 465.89578 278.2609 
12 449.7554 274.28333 
13 446.8412 302.95102 
14 431.28928 295.9591 
15 454.0508 335.27158 
16 436.40457 331.94263 
0 350.3961 320.94775 
1 354.21762 317.4046 
2 348.90048 316.67694 
3 367.14328 316.7997 
4 320.0 294.0 
5 383.9412 332.4366 
6 348.1616 330.67377 
7 393.3586 362.48776 
8 335.96875 352.399 
9 381.4984 386.02008 
10 320.0 294.0 
11 389.18536 367.09094 
12 364.26205 365.53134 
13 381.0479 387.2307 
14 345.81644 381.63272 
15 377.56342 420.68213 
16 366.9943 414.53497 
0 521.87866 136.83871 
1 479.0 115.0 
2 520.6777 134.15494 
3 479.0 115.0 
4 513.98663 131.95001 
5 518.73157 144.83377 
6 502.75098 143.24599 
7 518.1351 162.23566 
8 491.86676 153.90814 
9 518.6206 178.07187 
10 479.0 115.0 
11 511.71378 178.78683 
12 499.28778 178.19006 
13 518.9474 202.52908 
14 499.45758 204.62074 
15 523.2841 227.05444 
16 492.14026 229.44252 
0 224.0 265.0 
1 224.0 265.0 
2 224.0 265.0 
3 224.0 265.0 
4 308.0932 287.4669 
5 258.401 298.0031 
6 304.32007 306.28046 
7 237.5164 316.83823 
8 310.52472 346.4556 
9 224.0 265.0 
10 322.40262 376.22903 
11 249.56134 370.32147 
12 279.0624 374.19336 
13 245.0961 422.28693 
14 296.76376 419.5573 
15 237.00357 473.72134 
16 310.1432 466.43103 
0 802.5694 226.77531 
1 804.5895 224.39555 
2 800.2196 224.10141 
3 755.0 202.0 
4 792.91437 222.05109 
5 803.10736 233.42087 
6 779.79236 231.3641 
7 800.55554 251.63422 
8 765.80054 247.6908 
9 755.0 202.0 
10 762.12976 267.11612 
11 790.7467 257.776 
12 775.21844 257.67636 
13 811.5883 258.07462 
14 785.92206 256.31802 
15 798.9889 283.6324 
16 785.1308 284.22116 
0 524.9236 137.90384 
1 481.0 123.0 
2 524.1221 135.2369 
3 481.0 123.0 
4 518.3206 132.6679 
5 520.5005 145.0712 
6 505.24875 142.40215 
7 520.0235 163.00409 
8 490.35037 150.21107 
9 520.851 179.8591 
10 498.64722 163.51688 
11 512.5292 178.59161 
12 501.7352 178.03963 
13 520.77704 202.89757 
14 501.30405 206.08461 
15 526.0661 226.74355 
16 491.39023 230.71523 
0 443.58145 232.62453 
1 446.25613 230.33496 
2 417.0 206.0 
3 456.05402 228.29865 
4 417.0 206.0 
5 467.53296 243.5408 
6 443.83173 237.46887 
7 470.2679 270.65067 
8 434.5384 258.82544 
9 417.0 206.0 
10 424.8216 280.37958 
11 463.64236 280.79706 
12 446.97073 277.78775 
13 446.29874 304.79767 
14 429.18192 299.49225 
15 454.3961 335.1022 
16 432.15042 334.01157 
0 351.43246 325.72195 
1 355.34732 321.74225 
2 349.63077 321.26013 
3 368.30682 321.15082 
4 318.0 296.0 
5 384.59113 334.93442 
6 348.5987 334.33252 
7 393.8576 365.0993 
8 337.03568 353.9601 
9 382.25873 387.39722 
10 318.0 296.0 
11 393.02957 369.8651 
12 368.5343 369.31442 
13 381.54498 387.2123 
14 347.58856 382.9469 
15 376.61304 421.67957 
16 370.36502 415.01572 
0 224.0 268.0 
1 224.0 268.0 
2 224.0 268.0 
3 224.0 268.0 
4 306.1049 290.98734 
5 257.062 297.93 
6 303.25616 310.61557 
7 232.5426 318.06076 
8 306.37485 348.72232 
9 224.0 268.0 
10 318.0535 380.00726 
11 245.58823 371.695 
12 275.56567 376.5501 
13 242.82877 423.4192 
14 293.19537 419.46954 
15 236.40488 474.92627 
16 308.78625 466.16455 
0 801.9059 228.95343 
1 804.0862 226.27666 
2 799.43176 226.20134 
3 754.0 212.0 
4 792.01764 223.99673 
5 803.1483 235.44765 
6 779.9533 234.27335 
7 754.0 212.0 
8 765.2226 251.74188 
9 754.0 212.0 
10 760.2487 270.9524 
11 791.5736 260.76117 
12 776.67584 260.87506 
13 812.4506 259.5013 
14 787.73846 257.2108 
15 799.5544 283.92126 
16 785.8907 283.78558 
0 442.74548 238.5848 
1 444.83575 235.99384 
2 440.8853 235.60634 
3 453.8607 232.83656 
4 414.0 209.0 
5 465.6319 247.15776 
6 441.89856 241.70471 
7 468.9146 272.5654 
8 432.28244 261.8657 
9 414.0 209.0 
10 423.06793 282.33078 
11 461.85205 284.03473 
12 445.03772 280.94376 
13 444.7275 306.5509 
14 427.43243 301.92172 
15 454.4917 334.56366 
16 432.71002 334.0871 
0 352.25235 329.8069 
1 356.1705 326.16306 
2 350.58008 325.36777 
3 368.98416 324.9323 
4 317.0 298.0 
5 386.72824 337.3921 
6 349.5515 337.31262 
7 394.08353 366.86572 
8 335.42944 361.38742 
9 381.4345 388.86447 
10 317.0 298.0 
11 392.60944 372.82736 
12 368.9748 371.5854 
13 383.50406 386.12076 
14 346.09912 379.5277 
15 376.20856 421.94717 
16 366.66867 416.0482 
0 526.8306 139.29456 
1 482.0 123.0 
2 526.0612 136.02963 
3 482.0 123.0 
4 520.845 132.51483 
5 522.9905 146.38039 
6 508.32684 142.9829 
7 520.99664 165.27386 
8 494.1896 150.67346 
9 522.6023 178.32634 
10 499.62173 164.60332 
11 513.44604 178.26625 
12 502.92853 177.74612 
13 522.8023 201.50555 
14 501.3514 206.44443 
15 528.8136 227.1188 
16 492.03723 230.99556 
0 221.0 269.0 
1 221.0 269.0 
2 221.0 269.0 
3 221.0 269.0 
4 302.44196 294.4268 
5 254.75183 299.7816 
6 297.63223 312.479 
7 229.75226 319.04095 
8 304.20258 355.8084 
9 221.0 269.0 
10 314.7779 387.85757 
11 241.09003 373.52872 
12 270.62634 377.60452 
13 239.53117 425.2614 
14 290.8941 419.6952 
15 235.76295 474.71426 
16 306.8054 466.58173 
0 800.3193 230.81961 
1 802.4606 228.26605 
2 797.8306 227.95007 
3 753.0 213.0 
4 790.7346 226.16832 
5 802.0036 237.46304 
6 779.1473 236.49571 
7 753.0 213.0 
8 763.7743 253.50357 
9 753.0 213.0 
10 758.26404 273.3114 
11 791.6009 267.26883 
12 777.1943 267.36392 
13 813.94867 259.66382 
14 788.9734 255.97037 
15 798.87036 284.3414 
16 786.06476 284.1782 
0 353.3357 333.08905 
1 356.7056 328.74298 
2 351.7603 329.06177 
3 369.71335 327.08707 
4 315.0 299.0 
5 387.416 340.33698 
6 350.20172 340.48392 
7 394.61166 368.00824 
8 333.96213 363.82712 
9 380.0647 390.20605 
10 321.11493 382.05914 
11 394.06598 378.64368 
12 370.4329 376.6125 
13 377.97787 389.25677 
14 345.31534 380.94458 
15 375.99432 422.5292 
16 365.70322 414.9466 
0 441.2286 241.85208 
1 443.74924 239.42325 
2 439.33557 238.83597 
3 453.33185 235.78696 
4 413.0 219.0 
5 464.09167 250.14629 
6 438.4417 245.56412 
7 466.49045 276.42953 
8 429.68115 264.7117 
9 413.0 219.0 
10 420.50867 285.85352 
11 460.34482 286.8066 
12 443.24997 283.56958 
13 444.0963 308.11935 
14 426.7765 303.3261 
15 453.3916 334.8117 
16 432.34897 334.18887 
0 529.885 142.22897 
1 483.0 124.0 
2 529.2958 139.37119 
3 483.0 124.0 
4 523.9727 135.59883 
5 524.92645 148.37015 
6 510.13718 144.60855 
7 522.16425 166.13448 
8 496.61563 151.21207 
9 523.69995 180.18274 
10 483.0 124.0 
11 515.2367 178.83896 
12 504.49823 178.70045 
13 525.7452 201.10468 
14 502.79468 206.3865 
15 530.65356 226.80054 
16 492.93417 228.72668 
0 439.8968 246.12494 
1 442.57306 243.77042 
2 438.11188 243.21605 
3 451.16797 240.91206 
4 411.0 220.0 
5 461.7816 255.01112 
6 435.7475 248.83997 
7 466.0211 281.28784 
8 427.04965 269.08832 
9 453.26953 300.91873 
10 418.17175 291.10208 
11 457.64978 290.9549 
12 439.19827 288.69788 
13 444.55386 310.79712 
14 426.2082 304.77182 
15 451.8094 335.49377 
16 433.98535 334.9977 
0 798.77893 232.02419 
1 801.20215 229.65163 
2 796.2588 229.24962 
3 746.0 214.0 
4 789.4578 227.7363 
5 800.75543 239.86082 
6 779.2595 238.2497 
7 746.0 214.0 
8 763.54816 254.7202 
9 746.0 214.0 
10 757.70935 274.4571 
11 792.39276 269.43277 
12 778.561 269.35983 
13 813.5576 259.69 
14 789.55597 257.25146 
15 798.8782 283.83902 
16 786.64575 284.3464 
0 532.87 144.16771 
1 484.0 126.0 
2 531.7537 141.14835 
3 484.0 126.0 
4 524.58453 137.71591 
5 526.447 148.72475 
6 511.97537 145.60632 
7 484.0 126.0 
8 501.72525 153.86934 
9 484.0 126.0 
10 484.0 126.0 
11 516.0129 178.62685 
12 506.04944 178.7567 
13 528.3145 201.21173 
14 504.8795 207.59525 
15 532.33606 228.46497 
16 492.19305 229.93901 
0 219.0 271.0 
1 219.0 271.0 
2 219.0 271.0 
3 219.0 271.0 
4 299.71515 298.51755 
5 251.13496 302.35428 
6 296.6975 315.72827 
7 225.23923 321.2756 
8 299.92773 355.5741 
9 219.0 271.0 
10 310.59674 389.7743 
11 236.75635 373.7318 
12 265.15744 377.87878 
13 238.37204 425.16022 
14 286.69232 418.94452 
15 234.83154 476.7469 
16 303.2718 465.77533 
0 354.141 335.54678 
1 357.74896 331.449 
2 352.22623 331.1282 
3 369.8845 329.89807 
4 305.0 309.0 
5 388.86566 340.8825 
6 350.46057 343.87463 
7 394.87576 369.08383 
8 334.78665 366.36957 
9 379.09964 389.4428 
10 305.0 309.0 
11 395.86725 378.61002 
12 371.42184 378.11176 
13 386.30438 387.96332 
14 346.21432 378.0271 
15 377.0076 420.7164 
16 369.30984 415.02997 
0 439.49332 251.33476 
1 441.80484 248.83606 
2 437.68723 248.41902 
3 449.89883 245.00955 
4 409.0 222.0 
5 461.3644 257.22766 
6 434.19305 251.36443 
7 464.46796 284.51843 
8 425.25876 271.76074 
9 453.02045 305.18326 
10 416.02707 293.5697 
11 455.43872 293.85303 
12 437.2229 291.81506 
13 444.81244 313.4386 
14 424.42026 307.53006 
15 453.01248 334.90747 
16 432.71948 334.346 
0 537.14703 147.64381 
1 485.0 128.0 
2 536.8893 144.53635 
3 485.0 128.0 
4 531.96655 140.74869 
5 530.01086 152.81754 
6 519.133 147.58313 
7 485.0 128.0 
8 503.2059 154.81615 
9 485.0 128.0 
10 505.5534 171.69598 
11 516.86505 181.1994 
12 507.6895 180.91693 
13 531.17633 202.17294 
14 506.12646 209.1206 
15 532.89557 228.48038 
16 494.13446 224.13242 
0 796.99817 232.4628 
1 798.96155 230.12787 
2 794.53796 229.7382 
3 745.0 214.0 
4 788.09534 228.72806 
5 799.306 241.9228 
6 777.64667 239.7836 
7 800.2724 258.8788 
8 762.25604 256.6362 
9 745.0 214.0 
10 758.2537 275.62653 
11 791.6392 271.073 
12 777.70416 270.90973 
13 813.1457 258.8879 
14 787.669 256.65793 
15 799.5899 284.46002 
16 785.7994 284.0886 
0 213.0 272.0 
1 213.0 272.0 
2 213.0 272.0 
3 213.0 272.0 
4 297.85907 301.50754 
5 246.43265 306.1218 
6 293.74823 320.08075 
7 222.33702 324.08798 
8 298.3875 358.86502 
9 213.0 272.0 
10 307.82977 392.5822 
11 234.22856 375.34027 
12 263.67258 379.89587 
13 236.99797 424.60895 
14 284.6084 419.01685 
15 235.03696 476.98694 
16 296.55225 468.0525 
0 353.82437 338.0505 
1 357.42432 334.00345 
2 352.32297 333.7178 
3 370.3688 331.84106 
4 304.0 310.0 
5 389.12003 339.87366 
6 351.75058 345.03214 
7 396.58667 368.45145 
8 335.92145 367.23572 
9 380.1964 389.18347 
10 321.85263 384.581 
11 394.88217 381.31927 
12 370.4295 380.92505 
13 390.85214 388.8091 
14 348.39374 377.70712 
15 377.58688 420.8273 
16 369.47598 414.76968 
0 440.44757 255.2564 
1 442.64682 251.8181 
2 400.0 232.0 
3 449.891 247.81987 
4 400.0 232.0 
5 459.84915 262.2893 
6 432.95825 255.9344 
7 463.1115 289.31342 
8 423.49228 276.32892 
9 454.1087 308.66824 
10 414.3928 294.25378 
11 453.83014 297.32343 
12 435.58676 294.00894 
13 445.09448 317.4708 
14 422.31934 308.4599 
15 451.12726 336.79037 
16 433.1484 334.44592 
0 209.0 282.0 
1 209.0 282.0 
2 209.0 282.0 
3 209.0 282.0 
4 295.25488 305.1776 
5 244.46297 307.3948 
6 290.39615 321.6111 
7 219.3311 326.95612 
8 296.64667 365.95825 
9 209.0 282.0 
10 306.68433 402.08395 
11 231.48146 375.32166 
12 260.35312 379.5598 
13 235.71613 424.46277 
14 280.71252 418.50604 
15 235.99426 476.63965 
16 285.5338 470.7733 
0 355.69135 339.78897 
1 358.9731 335.69376 
2 353.6932 335.37314 
3 372.05438 333.30884 
4 306.0 311.0 
5 390.55133 343.18372 
6 353.60922 346.80093 
7 395.8901 368.89178 
8 335.31775 369.4243 
9 381.12967 388.09766 
10 320.1122 391.98975 
11 396.52676 381.78506 
12 373.07187 383.03967 
13 398.39197 383.7105 
14 349.77042 375.7995 
15 375.02063 420.91534 
16 368.0091 415.0881 
0 485.0 130.0 
1 485.0 130.0 
2 485.0 130.0 
3 485.0 130.0 
4 538.3629 145.15927 
5 522.9713 149.02805 
6 531.0409 151.31937 
7 485.0 130.0 
8 485.0 130.0 
9 485.0 130.0 
10 485.0 130.0 
11 515.692 181.91959 
12 508.73407 181.6213 
13 532.95917 201.7854 
14 509.89542 210.15128 
15 532.7218 228.57788 
16 494.72427 225.25809 
0 794.33813 232.73654 
1 796.7671 230.60068 
2 791.58386 229.8494 
3 745.0 214.0 
4 785.2998 229.02596 
5 797.4822 242.92749 
6 777.07776 240.52686 
7 798.221 259.51556 
8 761.7219 257.41226 
9 745.0 214.0 
10 756.78925 275.60883 
11 790.8495 272.9523 
12 778.8165 272.14365 
13 814.13617 258.6762 
14 788.80664 255.96252 
15 798.45886 284.18268 
16 786.8046 282.96362 
0 439.31833 259.61716 
1 441.88998 256.70847 
2 436.18552 256.4416 
3 449.21814 251.973 
4 406.0 235.0 
5 458.7846 264.05002 
6 431.65326 258.33325 
7 461.88995 291.53467 
8 422.9016 278.5729 
9 406.0 235.0 
10 414.6857 295.605 
11 454.05435 296.3293 
12 435.7417 293.9375 
13 446.35904 318.3416 
14 421.55478 309.95142 
15 450.3448 335.4691 
16 433.18677 334.97134 
0 543.13116 155.65152 
1 489.0 132.0 
2 543.4702 152.82141 
3 489.0 132.0 
4 538.0174 148.46112 
5 535.944 157.01851 
6 524.926 154.67859 
7 533.8716 167.83453 
8 511.66205 161.29631 
9 535.57355 178.95314 
10 489.0 132.0 
11 518.4104 183.13113 
12 508.77515 184.3621 
13 533.07275 202.53703 
14 512.9459 210.79279 
15 533.02545 228.56628 
16 491.77518 228.58752 
0 792.8741 232.862 
1 795.3709 230.72754 
2 790.24835 230.09813 
3 745.0 215.0 
4 784.143 229.71681 
5 796.06024 243.25237 
6 776.71075 241.0569 
7 745.0 215.0 
8 761.1516 258.21817 
9 745.0 215.0 
10 756.97986 276.75586 
11 790.13354 274.01697 
12 778.18 272.73465 
13 813.21454 258.0491 
14 745.0 215.0 
15 799.3975 284.972 
16 745.0 215.0 
0 205.0 284.0 
1 205.0 284.0 
2 205.0 284.0 
3 205.0 284.0 
4 292.97815 308.8564 
5 244.01654 308.68848 
6 288.28003 325.8792 
7 219.574 326.8156 
8 296.34497 368.6047 
9 205.0 284.0 
10 302.72485 405.43353 
11 229.55013 376.22595 
12 257.29385 381.64145 
13 235.68399 422.9956 
14 277.226 419.96204 
15 235.47125 474.48264 
16 271.70505 472.85266 
0 357.6518 340.62283 
1 360.69965 336.24918 
2 354.95743 336.81268 
3 373.11407 333.0269 
4 303.0 311.0 
5 391.13477 343.6648 
6 353.52905 347.0557 
7 397.77997 367.66656 
8 335.76364 370.68408 
9 384.02457 386.09442 
10 321.65393 395.0905 
11 394.70306 386.80777 
12 371.349 386.85458 
13 399.90393 383.77298 
14 349.25262 373.51028 
15 371.44513 419.81317 
16 364.94626 413.82147 
0 438.87128 262.92603 
1 441.4923 260.0382 
2 436.09808 259.84717 
3 448.5399 256.45505 
4 397.0 237.0 
5 459.88214 267.74615 
6 431.92395 261.32327 
7 462.52374 297.61838 
8 421.59045 282.27786 
9 454.97125 323.78503 
10 413.2259 299.11227 
11 453.94025 300.76544 
12 437.1913 298.77682 
13 449.26486 320.40436 
14 419.20996 307.052 
15 397.0 237.0 
16 431.6616 333.9842 
0 791.2065 232.83972 
1 793.4386 230.72906 
2 788.6962 230.15518 
3 745.0 215.0 
4 782.4451 229.89874 
5 794.49005 243.19344 
6 773.6613 241.93668 
7 795.48114 261.59875 
8 760.19653 259.21527 
9 745.0 215.0 
10 757.16895 277.6968 
11 792.37286 274.16187 
12 780.47797 274.7499 
13 813.8828 256.97595 
14 745.0 215.0 
15 803.1912 282.7412 
16 745.0 215.0 
0 359.59464 341.92313 
1 363.05997 337.25797 
2 357.0856 337.2021 
3 375.1004 333.9129 
4 303.0 312.0 
5 392.84387 342.05164 
6 354.65366 347.855 
7 399.20367 367.46466 
8 337.94345 371.22034 
9 385.45096 385.58127 
10 323.5474 390.9357 
11 393.47247 389.77246 
12 368.90515 389.55435 
13 404.44733 387.84735 
14 351.5214 370.95978 
15 367.83493 421.65753 
16 303.0 312.0 
0 484.0 142.0 
1 484.0 142.0 
2 484.0 142.0 
3 484.0 142.0 
4 484.0 142.0 
5 535.5235 157.0779 
6 532.6502 157.12386 
7 484.0 142.0 
8 515.1612 167.20575 
9 484.0 142.0 
10 520.21765 184.31258 
11 510.41437 185.65909 
12 512.55725 184.71906 
13 515.63293 211.7331 
14 534.57513 205.31143 
15 494.17188 227.40659 
16 531.6024 231.11569 
0 204.0 284.0 
1 204.0 284.0 
2 204.0 284.0 
3 204.0 284.0 
4 291.15143 309.6054 
5 243.35736 309.58807 
6 286.92505 329.42032 
7 216.94992 330.10895 
8 294.3633 374.8208 
9 204.0 284.0 
10 299.7166 411.27963 
11 227.72522 375.21216 
12 255.17899 381.6635 
13 235.11806 422.4407 
14 272.4671 420.5652 
15 234.92932 474.35614 
16 257.30267 472.32944 
0 437.769 265.69336 
1 440.85388 262.979 
2 435.04315 262.55 
3 449.40643 258.69223 
4 396.0 239.0 
5 459.8491 270.4561 
6 430.29208 263.91455 
7 462.22052 299.91904 
8 420.43954 285.7625 
9 456.86285 325.65286 
10 411.14612 302.7929 
11 453.97708 303.66248 
12 436.37018 298.60724 
13 396.0 239.0 
14 416.7723 307.36108 
15 396.0 239.0 
16 432.25317 334.94574 
0 210.0 288.0 
1 210.0 288.0 
2 210.0 288.0 
3 210.0 288.0 
4 286.8367 307.33444 
5 242.11362 310.10602 
6 283.50912 329.6825 
7 214.73602 334.46802 
8 294.32788 376.39258 
9 210.0 288.0 
10 298.67334 414.89648 
11 226.61685 375.20325 
12 252.98285 380.62073 
13 233.40948 422.4203 
14 268.277 422.1416 
15 233.92276 476.63766 
16 248.01773 470.40662 
0 792.54553 232.13977 
1 746.0 214.0 
2 790.0879 229.71921 
3 746.0 214.0 
4 782.539 229.7843 
5 793.26917 242.7308 
6 772.331 243.14357 
7 795.0611 261.35703 
8 759.19543 261.22864 
9 746.0 214.0 
10 756.80756 279.32614 
11 793.3173 272.64774 
12 780.26575 275.36984 
13 814.0559 258.0016 
14 746.0 214.0 
15 808.64185 281.7452 
16 746.0 214.0 
0 362.04355 340.87088 
1 365.29666 336.96814 
2 359.85098 336.67102 
3 377.43503 334.32263 
4 302.0 313.0 
5 395.47992 345.7272 
6 357.59042 349.64246 
7 401.19434 368.10764 
8 338.56512 370.96515 
9 388.70633 383.9264 
10 323.87332 391.9643 
11 391.59622 389.5473 
12 367.93414 389.0643 
13 403.85217 393.81003 
14 352.14618 368.55594 
15 365.57712 422.8841 
16 302.0 313.0 
0 484.0 146.0 
1 484.0 146.0 
2 484.0 146.0 
3 484.0 146.0 
4 547.90283 159.66968 
5 541.9679 164.2528 
6 530.8567 162.75867 
7 541.4362 175.79863 
8 522.2062 176.25069 
9 547.2534 188.54193 
10 528.4582 191.90022 
11 521.2855 187.68678 
12 511.60074 188.09988 
13 536.29193 204.7554 
14 519.8118 213.78838 
15 531.58234 230.20917 
16 496.71692 225.91458 
0 365.54977 340.90714 
1 369.06696 336.5781 
2 363.01617 336.9459 
3 381.89053 333.77783 
4 304.0 315.0 
5 399.79114 343.7236 
6 361.03503 347.76535 
7 404.68457 366.5962 
8 340.47723 369.72522 
9 392.93408 382.0111 
10 325.4251 387.66052 
11 393.13898 391.17502 
12 369.18408 389.66348 
13 403.62152 399.52847 
14 355.34778 365.61124 
15 361.83588 424.9982 
16 304.0 315.0 
0 438.8151 268.9148 
1 441.68512 266.23032 
2 436.5762 265.80548 
3 449.20694 262.02713 
4 396.0 240.0 
5 459.8526 272.64713 
6 430.7852 266.18274 
7 463.8221 302.2034 
8 420.22034 286.97916 
9 458.55374 328.07916 
10 412.1159 302.88885 
11 452.19672 307.91837 
12 434.73004 302.65887 
13 396.0 240.0 
14 417.35 310.0726 
15 396.0 240.0 
16 432.4443 335.7452 
0 487.0 148.0 
1 487.0 148.0 
2 487.0 148.0 
3 487.0 148.0 
4 551.69183 165.07274 
5 545.0631 166.79932 
6 535.3547 167.65393 
7 543.80023 176.90483 
8 526.1467 183.85521 
9 550.72833 190.01385 
10 535.2075 198.14989 
11 522.0785 189.2329 
12 511.94528 189.70255 
13 538.37787 205.6829 
14 523.71686 214.44302 
15 531.91034 231.94446 
16 499.8513 225.10832 
0 786.74506 230.89232 
1 788.64557 228.6166 
2 784.01807 228.31096 
3 746.0 215.0 
4 777.87366 229.15558 
5 791.52936 241.87808 
6 770.6606 243.46478 
7 793.6637 260.41824 
8 758.3577 261.93872 
9 746.0 215.0 
10 756.0666 278.57648 
11 791.59314 272.98984 
12 778.7071 274.71652 
13 813.2279 260.36816 
14 746.0 215.0 
15 746.0 215.0 
16 746.0 215.0 
0 202.0 287.0 
1 202.0 287.0 
2 202.0 287.0 
3 202.0 287.0 
4 202.0 287.0 
5 240.45622 314.29074 
6 283.0133 335.09912 
7 213.52193 337.352 
8 293.48428 378.0851 
9 202.0 287.0 
10 299.62506 416.33905 
11 224.44655 377.3814 
12 251.55112 383.4546 
13 233.37195 423.7874 
14 263.0323 426.94 
15 233.75133 473.52097 
16 238.99449 471.1687 
0 491.0 158.0 
1 491.0 158.0 
2 491.0 158.0 
3 491.0 158.0 
4 550.9012 169.69026 
5 546.7989 172.31717 
6 537.6162 171.62357 
7 548.0918 184.24904 
8 531.7005 188.66043 
9 555.0999 196.5543 
10 538.8922 203.22899 
11 523.07166 191.98837 
12 515.2707 192.75989 
13 539.8563 207.52315 
14 491.0 158.0 
15 533.2276 230.4983 
16 491.0 158.0 
0 202.0 288.0 
1 202.0 288.0 
2 202.0 288.0 
3 202.0 288.0 
4 202.0 288.0 
5 243.57356 316.0869 
6 283.57187 338.77975 
7 214.75162 335.0601 
8 293.8473 388.7254 
9 221.13371 363.31714 
10 300.83813 421.35776 
11 223.10437 378.7859 
12 250.63574 386.36813 
13 233.05917 424.4342 
14 260.10324 429.96112 
15 231.83711 475.12292 
16 234.18219 471.8136 
0 440.7127 271.20712 
1 443.06464 268.4174 
2 437.6711 268.03223 
3 450.09363 264.19888 
4 396.0 242.0 
5 459.66898 276.501 
6 430.18744 270.90515 
7 464.8294 304.86102 
8 416.31622 295.21948 
9 460.56494 330.83545 
10 408.4326 313.62524 
11 452.90613 311.0451 
12 436.0619 306.92175 
13 442.13007 315.96002 
14 415.53696 308.98376 
15 442.45984 335.90463 
16 431.6877 334.42245 
0 369.76193 340.48447 
1 373.22546 335.98633 
2 367.40195 335.81805 
3 385.93335 334.844 
4 304.0 315.0 
5 402.87817 345.57217 
6 363.83594 347.20377 
7 408.8543 368.24063 
8 343.94186 367.5383 
9 396.30856 382.16577 
10 327.18372 384.8375 
11 393.7613 397.9685 
12 371.92767 393.86047 
13 402.83752 404.3495 
14 355.4055 364.6337 
15 359.61456 426.1674 
16 364.7583 409.2022 
0 748.0 214.0 
1 748.0 214.0 
2 748.0 214.0 
3 748.0 214.0 
4 776.12726 229.7305 
5 789.74713 242.52866 
6 768.5766 244.30171 
7 793.1189 262.85724 
8 757.2838 263.1688 
9 748.0 214.0 
10 756.51166 281.00018 
11 790.13763 272.85147 
12 778.2696 275.6191 
13 813.89453 261.97867 
14 748.0 214.0 
15 748.0 214.0 
16 748.0 214.0 
0 202.0 292.0 
1 202.0 292.0 
2 202.0 292.0 
3 202.0 292.0 
4 202.0 292.0 
5 242.93839 319.52423 
6 282.21533 341.24127 
7 215.30563 338.49112 
8 292.5043 393.21323 
9 220.07019 366.12152 
10 301.26605 423.59283 
11 222.3608 381.65436 
12 247.1549 389.0459 
13 231.55536 429.7284 
14 254.93307 435.04553 
15 232.53174 479.19464 
16 231.14084 473.39996 
0 440.6257 273.53613 
1 443.61282 271.0043 
2 438.40656 270.30148 
3 451.16644 266.80145 
4 396.0 243.0 
5 461.17444 279.83673 
6 431.0932 272.45554 
7 466.4262 309.05475 
8 417.14597 294.38797 
9 461.67667 334.05548 
10 408.02524 311.83148 
11 452.11075 313.62427 
12 435.1985 308.24622 
13 396.0 243.0 
14 414.78888 310.24933 
15 396.0 243.0 
16 430.89554 335.12054 
0 495.0 162.0 
1 495.0 162.0 
2 495.0 162.0 
3 495.0 162.0 
4 554.7031 176.86351 
5 551.41754 178.29564 
6 542.4787 177.16284 
7 553.1561 189.93454 
8 537.99854 193.79358 
9 558.84735 203.69342 
10 495.0 162.0 
11 527.007 196.25159 
12 516.95465 194.94122 
13 540.4963 209.9598 
14 530.9718 214.06781 
15 532.8307 231.06177 
16 506.05627 227.65091 
0 784.61615 230.80684 
1 749.0 214.0 
2 781.4343 228.76567 
3 749.0 214.0 
4 773.8924 230.86208 
5 787.2565 242.22871 
6 767.4766 245.3673 
7 790.29425 261.77765 
8 755.8753 264.44794 
9 749.0 214.0 
10 756.1694 281.26843 
11 791.1408 272.69336 
12 779.87805 276.3284 
13 813.062 263.46527 
14 749.0 214.0 
15 749.0 214.0 
16 749.0 214.0 
0 375.0287 339.41516 
1 378.8498 335.2258 
2 372.61438 335.5351 
3 391.22388 334.08914 
4 296.0 315.0 
5 405.16718 351.96704 
6 366.89133 347.89642 
7 412.64648 370.64014 
8 346.72168 363.1242 
9 400.60876 383.05908 
10 330.29398 380.82135 
11 393.70105 401.76566 
12 370.8418 394.1673 
13 400.54767 411.97983 
14 356.88898 363.15387 
15 359.77353 430.14203 
16 365.08487 407.7392 
0 496.0 165.0 
1 496.0 165.0 
2 496.0 165.0 
3 496.0 165.0 
4 558.2514 184.1741 
5 552.1143 185.92198 
6 545.92334 183.17581 
7 556.5127 198.08885 
8 543.94586 201.77017 
9 563.27075 210.24258 
10 554.9756 214.50009 
11 496.0 165.0 
12 519.6703 199.84769 
13 496.0 165.0 
14 533.081 215.8595 
15 496.0 165.0 
16 507.27872 228.20378 
0 443.3829 275.88904 
1 446.49402 273.43378 
2 440.7837 272.7422 
3 453.13516 268.61307 
4 397.0 245.0 
5 462.0752 282.32828 
6 432.48932 273.24777 
7 467.5994 310.47714 
8 416.85107 295.05786 
9 463.41632 335.9387 
10 406.6819 314.7929 
11 452.31738 316.76572 
12 434.71667 311.16205 
13 397.0 245.0 
14 416.62128 309.65848 
15 397.0 245.0 
16 430.68555 335.72064 
0 379.65933 338.68234 
1 383.76147 335.02008 
2 377.692 334.60742 
3 394.8189 334.83362 
4 298.0 307.0 
5 407.69534 351.11267 
6 371.23184 345.62018 
7 415.41016 374.7412 
8 346.6473 362.69394 
9 404.07187 385.01324 
10 331.6726 378.60205 
11 393.2232 397.07446 
12 370.67273 391.4053 
13 399.11227 411.6272 
14 354.76105 362.79123 
15 357.89905 428.91522 
16 364.9311 408.68274 
0 201.0 291.0 
1 201.0 291.0 
2 201.0 291.0 
3 201.0 291.0 
4 201.0 291.0 
5 246.30263 323.6668 
6 282.58527 348.78857 
7 215.30641 335.96045 
8 293.67303 398.6942 
9 201.0 291.0 
10 201.0 291.0 
11 220.49232 385.64142 
12 245.18744 394.7118 
13 230.55562 427.57855 
14 253.30673 438.5246 
15 231.75162 478.3496 
16 230.93842 473.22253 
0 781.765 231.97281 
1 782.4345 229.78107 
2 778.5716 229.85146 
3 742.0 214.0 
4 771.29553 231.80817 
5 785.1488 243.93327 
6 764.98706 246.32797 
7 790.4573 262.45963 
8 753.79974 264.8692 
9 742.0 214.0 
10 754.3128 280.97034 
11 789.90814 272.13678 
12 779.10846 276.3774 
13 812.7023 262.1208 
14 742.0 214.0 
15 817.9043 280.15805 
16 742.0 214.0 
0 777.2832 232.5677 
1 778.54224 230.42755 
2 774.0457 230.68127 
3 742.0 216.0 
4 767.58484 233.02362 
5 782.8454 244.71088 
6 762.4411 246.76215 
7 789.1847 263.21152 
8 752.382 265.1724 
9 742.0 216.0 
10 753.8367 282.33444 
11 788.457 273.58603 
12 776.78876 276.6275 
13 812.2977 261.43692 
14 742.0 216.0 
15 817.9026 281.17822 
16 742.0 216.0 
0 445.9801 278.76303 
1 448.72903 275.6314 
2 443.01776 275.35477 
3 455.1294 271.2254 
4 398.0 254.0 
5 463.4843 285.58618 
6 432.92145 275.8841 
7 469.58545 312.99396 
8 415.23215 298.9034 
9 466.221 337.77316 
10 405.67072 315.21112 
11 452.09143 324.0138 
12 434.19687 318.57965 
13 398.0 254.0 
14 414.06387 309.5183 
15 398.0 254.0 
16 398.0 254.0 
0 384.92444 337.5797 
1 389.00397 333.932 
2 382.629 333.34903 
3 400.29843 333.96362 
4 299.0 314.0 
5 411.8131 352.70883 
6 375.79968 344.1149 
7 419.3252 377.19745 
8 349.9928 362.16452 
9 408.85068 387.11572 
10 333.95135 375.8177 
11 393.78534 398.6947 
12 373.9808 391.7965 
13 399.14542 409.07724 
14 354.1765 366.1816 
15 358.30432 429.73434 
16 365.11087 408.1081 
0 497.0 175.0 
1 497.0 175.0 
2 497.0 175.0 
3 497.0 175.0 
4 561.6996 188.64949 
5 497.0 175.0 
6 547.6851 185.62141 
7 497.0 175.0 
8 549.6241 205.54865 
9 497.0 175.0 
10 562.7731 220.37679 
11 497.0 175.0 
12 523.00085 200.75665 
13 497.0 175.0 
14 532.3613 218.58302 
15 497.0 175.0 
16 508.58344 227.57434 
0 192.0 292.0 
1 192.0 292.0 
2 192.0 292.0 
3 192.0 292.0 
4 192.0 292.0 
5 245.42047 331.81662 
6 283.68542 355.22998 
7 192.0 292.0 
8 294.90326 407.72144 
9 192.0 292.0 
10 306.1294 442.1783 
11 218.41403 388.2646 
12 243.8842 396.5382 
13 228.82916 429.00433 
14 253.57275 439.30542 
15 232.16992 480.60757 
16 231.25296 473.55417 
0 774.8196 233.34373 
1 775.67224 231.23468 
2 771.97656 231.69781 
3 742.0 217.0 
4 765.01605 233.8417 
5 780.48047 244.98671 
6 760.3741 247.41089 
7 787.993 262.01544 
8 751.74585 266.1543 
9 742.0 217.0 
10 752.9904 282.03937 
11 788.1738 273.53192 
12 778.18085 277.4638 
13 812.3322 262.3596 
14 742.0 217.0 
15 818.23706 282.4536 
16 742.0 217.0 
0 191.0 294.0 
1 191.0 294.0 
2 191.0 294.0 
3 191.0 294.0 
4 191.0 294.0 
5 191.0 294.0 
6 280.65497 363.95734 
7 191.0 294.0 
8 294.0048 413.93793 
9 191.0 294.0 
10 307.4761 447.17093 
11 215.03989 395.01968 
12 242.80112 403.7425 
13 226.46483 426.59808 
14 254.96701 439.62515 
15 231.5941 478.60602 
16 230.45491 472.41025 
0 447.11954 280.684 
1 450.07413 277.96744 
2 444.5901 276.93362 
3 456.6236 272.68317 
4 399.0 256.0 
5 465.12845 287.2108 
6 434.1812 275.23914 
7 471.28513 312.85812 
8 413.5406 301.14096 
9 469.00006 337.74207 
10 404.53918 321.85416 
11 451.28867 322.81937 
12 434.11844 316.4221 
13 399.0 256.0 
14 411.22427 309.6756 
15 399.0 256.0 
16 399.0 256.0 
0 389.71838 335.28046 
1 394.19287 331.9042 
2 387.63275 331.10013 
3 405.32593 333.1721 
4 299.0 307.0 
5 415.41412 355.2777 
6 378.97595 343.58087 
7 420.9101 380.27844 
8 351.69748 359.07333 
9 412.80762 389.1741 
10 336.79297 371.81284 
11 396.05 398.65826 
12 375.16562 389.87637 
13 394.0224 406.70273 
14 352.8205 366.29874 
15 356.7453 427.95636 
16 364.3796 408.97665 
0 772.7989 235.17918 
1 773.4129 233.37794 
2 769.54736 233.46289 
3 742.0 218.0 
4 762.6398 235.7785 
5 777.75 246.50224 
6 758.0757 249.29305 
7 786.18134 261.58585 
8 751.0235 268.4365 
9 742.0 218.0 
10 753.72766 284.4491 
11 787.23364 274.12198 
12 778.41724 278.20486 
13 811.1065 263.93137 
14 810.17413 262.84183 
15 818.8729 282.5874 
16 818.8192 284.23187 
0 192.0 294.0 
1 192.0 294.0 
2 192.0 294.0 
3 192.0 294.0 
4 192.0 294.0 
5 192.0 294.0 
6 192.0 294.0 
7 192.0 294.0 
8 192.0 294.0 
9 192.0 294.0 
10 192.0 294.0 
11 215.087 397.57083 
12 244.20386 406.4303 
13 226.24507 431.25616 
14 254.30205 441.64667 
15 232.43697 476.41638 
16 232.08044 471.77618 
0 446.607 281.88657 
1 449.88446 279.19894 
2 390.0 257.0 
3 457.66977 275.69034 
4 390.0 257.0 
5 466.89648 286.97775 
6 436.59808 276.53268 
7 472.76215 314.68945 
8 418.21335 298.28195 
9 470.93756 340.14514 
10 390.0 257.0 
11 453.69824 317.12634 
12 436.4992 309.98373 
13 390.0 257.0 
14 390.0 257.0 
15 390.0 257.0 
16 390.0 257.0 
0 395.30942 333.02692 
1 399.4649 330.2631 
2 394.26752 329.10022 
3 410.4482 331.99814 
4 292.0 308.0 
5 419.54608 355.75244 
6 384.22833 342.81134 
7 423.14026 381.31107 
8 356.44336 356.3969 
9 414.62396 391.38528 
10 339.83636 366.73166 
11 395.71765 396.41394 
12 375.7535 386.3215 
13 391.29956 404.26202 
14 351.90057 364.1235 
15 357.25793 427.34488 
16 363.4793 409.8421 
0 193.0 327.0 
1 193.0 327.0 
2 193.0 327.0 
3 193.0 327.0 
4 193.0 327.0 
5 193.0 327.0 
6 193.0 327.0 
7 193.0 327.0 
8 193.0 327.0 
9 193.0 327.0 
10 193.0 327.0 
11 214.67885 404.02332 
12 241.50131 413.3606 
13 226.69443 434.27655 
14 254.05457 443.92755 
15 231.83072 475.87433 
16 230.41962 473.7788 
0 448.6808 283.69357 
1 452.06958 281.30475 
2 391.0 258.0 
3 460.08658 277.64853 
4 391.0 258.0 
5 469.03378 289.2927 
6 438.2901 276.60934 
7 474.86362 316.2849 
8 418.93323 298.27612 
9 473.78552 341.91785 
10 391.0 258.0 
11 451.11368 316.22748 
12 434.75 308.51804 
13 391.0 258.0 
14 391.0 258.0 
15 391.0 258.0 
16 391.0 258.0 
0 769.8404 236.5495 
1 770.0781 234.90495 
2 766.8251 234.75784 
3 741.0 227.0 
4 760.6535 237.09119 
5 774.8029 248.28078 
6 756.5745 249.99234 
7 783.81885 262.7749 
8 751.01697 267.711 
9 741.0 227.0 
10 752.2933 280.48425 
11 784.1177 273.56033 
12 774.68677 277.0017 
13 808.62787 263.4649 
14 741.0 227.0 
15 818.1204 282.6657 
16 741.0 227.0 
0 399.7289 331.83652 
1 404.3531 329.21436 
2 398.54187 327.62643 
3 414.7739 332.3952 
4 305.0 316.0 
5 422.92743 355.9903 
6 387.17984 342.76462 
7 424.8849 383.8549 
8 358.2593 357.3223 
9 416.96368 393.7083 
10 340.1518 366.1532 
11 395.28278 396.66296 
12 373.82162 385.95197 
13 386.6615 404.92456 
14 351.89902 367.92307 
15 352.30994 426.67957 
16 360.44943 410.4529 
0 194.0 337.0 
1 194.0 337.0 
2 194.0 337.0 
3 194.0 337.0 
4 194.0 337.0 
5 244.69531 351.70245 
6 282.9798 377.4137 
7 206.91838 375.17508 
8 295.46252 429.16306 
9 194.0 337.0 
10 309.75632 456.61502 
11 216.16304 406.82532 
12 245.20093 418.62326 
13 229.30164 441.88776 
14 253.89375 445.86288 
15 235.21588 477.72662 
16 227.93785 474.39868 
0 450.9124 285.22415 
1 454.79694 283.33746 
2 394.0 260.0 
3 462.38712 279.03445 
4 394.0 260.0 
5 471.644 289.65198 
6 440.88046 276.04498 
7 477.3491 315.52338 
8 421.31393 295.28415 
9 478.2058 340.81555 
10 394.0 260.0 
11 452.3312 318.7499 
12 435.61044 309.68417 
13 394.0 260.0 
14 394.0 260.0 
15 394.0 260.0 
16 394.0 260.0 
0 766.5036 238.90451 
1 767.2271 237.02435 
2 763.7576 237.19153 
3 740.0 228.0 
4 757.7937 240.15527 
5 772.36237 251.11246 
6 753.6997 252.06439 
7 783.2472 264.2023 
8 748.1539 269.2742 
9 740.0 228.0 
10 740.0 228.0 
11 782.85425 275.5161 
12 771.8858 278.97485 
13 740.0 228.0 
14 740.0 228.0 
15 740.0 228.0 
16 740.0 228.0 
0 403.33752 331.9718 
1 408.274 329.47485 
2 402.14365 327.55884 
3 418.47733 334.05093 
4 307.0 316.0 
5 424.3855 357.48126 
6 390.35052 343.38208 
7 425.44534 386.53006 
8 361.82904 356.88324 
9 417.6109 395.60303 
10 343.8296 364.79495 
11 395.8317 396.34146 
12 374.16238 386.6008 
13 386.06396 401.4694 
14 351.11646 369.079 
15 355.84216 424.35028 
16 357.4429 414.06717 
0 194.0 339.0 
1 194.0 339.0 
2 194.0 339.0 
3 194.0 339.0 
4 194.0 339.0 
5 248.23631 356.28607 
6 283.83893 381.07568 
7 208.5181 377.5038 
8 297.03345 433.8462 
9 194.0 339.0 
10 312.31995 461.34387 
11 217.07733 409.54547 
12 243.60812 420.69394 
13 228.1421 440.29736 
14 254.269 446.50818 
15 232.71262 476.65503 
16 230.39735 473.50116 
0 398.0 260.0 
1 456.8744 284.34857 
2 398.0 260.0 
3 465.1485 280.15878 
4 398.0 260.0 
5 473.09137 291.88248 
6 441.9933 277.73965 
7 479.82968 317.7665 
8 420.58948 297.41998 
9 482.53952 341.86487 
10 410.05075 318.3528 
11 448.5862 328.6176 
12 430.55563 319.6066 
13 398.0 260.0 
14 398.0 260.0 
15 398.0 260.0 
16 398.0 260.0 
0 740.0 229.0 
1 740.0 229.0 
2 740.0 229.0 
3 740.0 229.0 
4 740.0 229.0 
5 751.776 254.93225 
6 770.1851 253.41675 
7 748.8635 272.21024 
8 784.62427 266.80188 
9 740.0 229.0 
10 740.0 229.0 
11 768.9109 280.1696 
12 782.8171 276.92694 
13 740.0 229.0 
14 810.16235 264.05753 
15 740.0 229.0 
16 818.4383 281.01736 
0 407.11948 333.38336 
1 411.80524 330.83658 
2 405.75183 329.29358 
3 421.4521 335.2159 
4 308.0 315.0 
5 426.07257 359.31277 
6 392.02002 344.77737 
7 426.69186 388.29248 
8 365.67596 358.11963 
9 417.55136 397.1219 
10 346.1331 364.89655 
11 396.4295 396.08514 
12 376.5138 387.69775 
13 384.71332 402.5307 
14 349.83154 369.9144 
15 351.96432 426.0852 
16 354.4601 412.68814 
0 195.0 340.0 
1 195.0 340.0 
2 195.0 340.0 
3 195.0 340.0 
4 195.0 340.0 
5 248.18591 360.6532 
6 283.83945 384.14667 
7 209.7419 380.03882 
8 296.30936 433.12485 
9 195.0 340.0 
10 311.55023 461.64655 
11 218.92647 412.21063 
12 246.91125 422.97858 
13 230.70244 447.9162 
14 252.44492 449.1144 
15 232.23602 484.77277 
16 230.12538 474.80035 
0 401.0 262.0 
1 401.0 262.0 
2 401.0 262.0 
3 467.7434 281.82773 
4 401.0 262.0 
5 474.71417 293.86746 
6 443.9732 278.22488 
7 481.97552 318.34314 
8 421.20605 297.01978 
9 486.53683 344.16666 
10 411.07013 311.98624 
11 450.23572 327.68985 
12 432.451 316.20242 
13 401.0 262.0 
14 401.0 262.0 
15 401.0 262.0 
16 401.0 262.0 
0 739.0 229.0 
1 739.0 229.0 
2 739.0 229.0 
3 739.0 229.0 
4 739.0 229.0 
5 739.0 229.0 
6 770.1757 254.6749 
7 739.0 229.0 
8 785.77924 267.08557 
9 739.0 229.0 
10 739.0 229.0 
11 739.0 229.0 
12 782.78644 276.64114 
13 739.0 229.0 
14 807.7058 263.09265 
15 739.0 229.0 
16 817.62683 278.85776 
0 409.54745 333.59656 
1 414.71545 331.9759 
2 408.7151 329.86707 
3 424.46753 337.69623 
4 299.0 315.0 
5 427.1384 360.95377 
6 393.00836 347.60693 
7 426.3559 390.21646 
8 369.71118 359.4681 
9 415.8376 397.6344 
10 349.4597 364.6457 
11 397.86908 396.69385 
12 376.8483 385.66132 
13 381.76392 400.46594 
14 349.84827 371.63937 
15 353.2183 424.89627 
16 351.85165 412.6249 
0 196.0 343.0 
1 196.0 343.0 
2 196.0 343.0 
3 196.0 343.0 
4 196.0 343.0 
5 250.43033 363.41006 
6 285.27734 385.429 
7 219.02208 372.78946 
8 295.0099 433.9064 
9 196.0 343.0 
10 313.0949 466.51044 
11 220.82585 413.9348 
12 247.53833 424.40118 
13 231.49005 448.69403 
14 252.96086 450.3952 
15 232.06303 483.1817 
16 232.3952 475.278 
0 404.0 264.0 
1 404.0 264.0 
2 404.0 264.0 
3 470.28674 285.3497 
4 404.0 264.0 
5 476.86298 296.96756 
6 449.07428 278.00217 
7 484.07928 322.8914 
8 430.73157 288.86426 
9 490.01785 348.94788 
10 413.4237 305.01324 
11 449.58636 324.16632 
12 434.76245 313.02585 
13 404.0 264.0 
14 404.0 264.0 
15 404.0 264.0 
16 404.0 264.0 
0 412.6115 335.86697 
1 417.6683 334.13327 
2 411.62387 332.32645 
3 426.21375 339.30472 
4 298.0 324.0 
5 428.36963 363.90887 
6 395.29315 350.13272 
7 426.73352 392.39066 
8 373.55606 363.327 
9 415.13556 398.84122 
10 352.1963 366.48767 
11 399.80664 396.4659 
12 379.46112 385.07693 
13 377.79236 401.66122 
14 352.38165 371.93362 
15 352.46344 425.52783 
16 346.643 413.11734 
0 405.0 265.0 
1 405.0 265.0 
2 405.0 265.0 
3 474.01462 288.26355 
4 405.0 265.0 
5 478.98932 300.25073 
6 451.38242 279.91315 
7 486.39783 326.6875 
8 431.19803 289.836 
9 491.8239 352.2627 
10 416.1661 303.7672 
11 453.16162 322.20102 
12 436.8692 311.93988 
13 405.0 265.0 
14 405.0 265.0 
15 405.0 265.0 
16 405.0 265.0 
0 197.0 343.0 
1 197.0 343.0 
2 197.0 343.0 
3 197.0 343.0 
4 197.0 343.0 
5 251.01282 366.47733 
6 285.94144 386.53433 
7 211.85936 385.37045 
8 295.04715 436.35013 
9 197.0 343.0 
10 313.01428 470.74316 
11 223.20074 421.60403 
12 251.15958 431.36426 
13 197.0 343.0 
14 253.29836 451.30432 
15 197.0 343.0 
16 233.34029 475.084 
0 415.01202 337.9852 
1 420.25253 336.8022 
2 414.15408 334.822 
3 427.68417 344.0857 
4 314.0 326.0 
5 429.32623 364.8085 
6 396.28625 352.06348 
7 426.82724 393.4638 
8 373.91592 364.63553 
9 414.53302 400.72986 
10 356.05518 366.9343 
11 400.14163 394.9312 
12 378.8366 384.24643 
13 376.2981 402.81024 
14 353.10416 373.08972 
15 350.8227 426.91415 
16 343.819 413.02292 
0 406.0 265.0 
1 406.0 265.0 
2 406.0 265.0 
3 476.86374 290.48315 
4 406.0 265.0 
5 481.14423 302.13898 
6 456.26337 282.24905 
7 487.29752 328.21606 
8 434.97498 288.84714 
9 491.95068 352.05984 
10 418.78583 302.12256 
11 458.5481 319.1325 
12 445.1827 307.91504 
13 406.0 265.0 
14 424.22388 314.08365 
15 406.0 265.0 
16 406.0 265.0 
0 417.6062 341.47357 
1 422.5378 340.13852 
2 416.81763 338.6761 
3 431.08832 346.23743 
4 297.0 329.0 
5 431.50815 368.99908 
6 398.60406 354.91763 
7 426.1775 394.2862 
8 376.7304 367.314 
9 414.3994 401.25098 
10 358.92853 368.15167 
11 400.29703 396.45914 
12 378.40558 385.0165 
13 374.63348 402.88284 
14 350.6789 376.4674 
15 347.3934 427.34845 
16 340.1513 414.55164 
0 198.0 353.0 
1 198.0 353.0 
2 198.0 353.0 
3 198.0 353.0 
4 198.0 353.0 
5 252.56696 367.28473 
6 287.37195 395.08356 
7 221.4894 376.82602 
8 198.0 353.0 
9 216.04422 393.0873 
10 198.0 353.0 
11 225.06026 422.81207 
12 253.0307 436.10956 
13 198.0 353.0 
14 251.86212 454.2187 
15 198.0 353.0 
16 234.13321 475.27853 
0 199.0 354.0 
1 199.0 354.0 
2 199.0 354.0 
3 199.0 354.0 
4 199.0 354.0 
5 258.02908 372.85284 
6 289.55762 398.25665 
7 219.10637 380.6819 
8 294.35562 437.60986 
9 219.86018 393.58813 
10 309.45325 472.76453 
11 230.79472 427.65594 
12 256.43378 440.7034 
13 223.98186 429.5328 
14 257.0146 450.0179 
15 199.0 354.0 
16 237.2514 474.9486 
0 407.0 266.0 
1 407.0 266.0 
2 407.0 266.0 
3 480.05432 294.0526 
4 407.0 266.0 
5 484.21527 302.89893 
6 460.0857 282.47586 
7 488.7692 328.4688 
8 440.14136 287.0985 
9 492.0966 351.81323 
10 422.4115 298.91974 
11 463.9873 317.10022 
12 451.94885 306.50815 
13 444.76425 335.3804 
14 426.15793 313.24362 
15 407.0 266.0 
16 407.0 266.0 
0 420.0136 345.77698 
1 425.14337 344.44012 
2 419.71976 342.7883 
3 434.34216 350.40482 
4 297.0 331.0 
5 432.63385 373.68402 
6 400.77066 357.83035 
7 426.79407 398.83032 
8 376.8506 370.67993 
9 413.08072 403.49664 
10 360.4601 370.42325 
11 399.76044 398.90485 
12 379.3393 387.0573 
13 374.52878 403.24374 
14 351.65973 378.42194 
15 346.81177 423.2323 
16 337.67267 412.29688 
0 208.0 355.0 
1 208.0 355.0 
2 208.0 355.0 
3 208.0 355.0 
4 208.0 355.0 
5 262.546 375.33316 
6 292.1532 396.32098 
7 218.1373 384.65567 
8 291.44833 435.10318 
9 208.0 355.0 
10 208.0 355.0 
11 238.18246 428.44592 
12 263.11835 442.63773 
13 222.10779 424.886 
14 254.03543 453.40738 
15 208.0 355.0 
16 238.84576 476.60718 
0 408.0 266.0 
1 408.0 266.0 
2 408.0 266.0 
3 408.0 266.0 
4 408.0 266.0 
5 489.09702 298.57233 
6 461.25787 281.86325 
7 492.22455 326.46277 
8 437.7428 289.08777 
9 492.80573 351.98773 
10 421.23273 303.2437 
11 468.31763 314.4524 
12 454.25388 303.98007 
13 408.0 266.0 
14 427.1176 313.67883 
15 408.0 266.0 
16 408.0 266.0 
0 421.49103 349.65402 
1 426.9173 348.42493 
2 420.77783 346.28564 
3 435.04224 354.41046 
4 298.0 332.0 
5 433.3733 375.84677 
6 401.7884 361.89822 
7 426.6188 402.16034 
8 378.72534 373.235 
9 412.7671 404.65375 
10 298.0 332.0 
11 400.31982 396.38382 
12 381.8292 386.86234 
13 375.43875 400.473 
14 354.3859 380.0046 
15 345.11853 421.05096 
16 337.27646 411.1954 
0 410.0 267.0 
1 410.0 267.0 
2 410.0 267.0 
3 410.0 267.0 
4 410.0 267.0 
5 491.25885 302.34488 
6 464.35416 283.90247 
7 492.64417 326.89792 
8 445.7757 286.2995 
9 492.1231 352.58118 
10 428.57648 297.12805 
11 469.7938 318.91254 
12 455.48508 307.52585 
13 410.0 267.0 
14 426.82935 315.23642 
15 410.0 267.0 
16 432.75937 339.2094 
0 208.0 357.0 
1 208.0 357.0 
2 208.0 357.0 
3 208.0 357.0 
4 208.0 357.0 
5 265.40814 376.64975 
6 293.1075 400.85504 
7 224.0101 382.2804 
8 294.23257 436.55078 
9 208.0 357.0 
10 208.0 357.0 
11 243.5192 438.74274 
12 264.1903 450.16553 
13 222.05476 422.31702 
14 208.0 357.0 
15 234.8118 473.22052 
16 208.0 357.0 
0 422.64413 354.6286 
1 427.82605 353.35013 
2 422.0058 351.89783 
3 438.03284 358.98587 
4 299.0 341.0 
5 435.0301 379.62988 
6 403.84448 365.11926 
7 426.73102 402.6595 
8 382.30188 376.07993 
9 412.99615 404.44168 
10 299.0 341.0 
11 400.11246 396.3423 
12 384.5598 385.99786 
13 374.40405 399.61615 
14 353.93005 384.15186 
15 344.33783 419.1975 
16 336.72968 411.5039 
0 413.0 267.0 
1 413.0 267.0 
2 413.0 267.0 
3 413.0 267.0 
4 413.0 267.0 
5 491.3966 304.9885 
6 464.5057 284.6419 
7 493.33124 330.24307 
8 442.67587 288.94574 
9 491.8167 351.80933 
10 427.26633 305.56616 
11 468.73425 322.27026 
12 455.94943 311.3031 
13 413.0 267.0 
14 430.54166 317.6699 
15 413.0 267.0 
16 413.0 267.0 
0 209.0 358.0 
1 209.0 358.0 
2 209.0 358.0 
3 209.0 358.0 
4 209.0 358.0 
5 268.13226 379.5911 
6 295.81442 401.64813 
7 226.3117 382.89435 
8 297.0694 438.46948 
9 227.51648 385.1789 
10 307.8303 472.7116 
11 249.67978 445.28848 
12 269.75998 456.7035 
13 221.44159 422.2271 
14 209.0 358.0 
15 236.6561 471.52246 
16 209.0 358.0 
0 436.5874 368.28116 
1 439.10776 366.6416 
2 434.49414 365.00754 
3 303.0 342.0 
4 425.075 361.87247 
5 436.07892 385.92816 
6 405.56256 368.5123 
7 428.4851 404.0536 
8 384.92868 375.67987 
9 414.22815 406.1737 
10 303.0 342.0 
11 401.20398 396.18448 
12 387.1385 386.5823 
13 374.2704 400.4665 
14 356.14307 384.83038 
15 345.23706 416.79407 
16 338.14072 404.05185 
0 416.0 267.0 
1 416.0 267.0 
2 416.0 267.0 
3 416.0 267.0 
4 416.0 267.0 
5 493.21384 305.03375 
6 466.6859 284.33728 
7 494.34863 330.0329 
8 445.06387 290.65488 
9 492.7799 352.3715 
10 432.35443 308.26062 
11 469.7124 324.86093 
12 453.95514 313.07324 
13 448.79514 344.70972 
14 416.0 267.0 
15 416.0 267.0 
16 416.0 267.0 
0 426.31842 361.96255 
1 431.12518 361.21988 
2 425.78033 358.8101 
3 439.19202 366.26788 
4 303.0 351.0 
5 435.38403 384.6762 
6 411.34592 370.6703 
7 430.56174 403.33548 
8 303.0 351.0 
9 414.41235 405.86133 
10 303.0 351.0 
11 398.3839 395.54974 
12 386.19464 384.6511 
13 374.58063 398.51166 
14 354.55835 385.3293 
15 342.47833 415.43753 
16 336.15704 407.8989 
0 210.0 357.0 
1 210.0 357.0 
2 210.0 357.0 
3 210.0 357.0 
4 210.0 357.0 
5 268.71515 380.96454 
6 299.01242 398.65967 
7 227.60898 384.6328 
8 300.72232 435.47278 
9 210.0 357.0 
10 307.46393 470.92572 
11 254.00375 447.91412 
12 277.23505 457.78162 
13 222.36896 422.99713 
14 210.0 357.0 
15 239.32765 471.53082 
16 210.0 357.0 
0 419.0 267.0 
1 419.0 267.0 
2 419.0 267.0 
3 419.0 267.0 
4 419.0 267.0 
5 494.40515 304.25168 
6 466.83612 285.95895 
7 495.52087 329.6761 
8 446.53778 294.41354 
9 492.19446 351.93845 
10 437.34668 310.1039 
11 473.54834 328.67365 
12 459.54718 317.0593 
13 447.22043 346.34802 
14 419.0 267.0 
15 419.0 267.0 
16 419.0 267.0 
0 305.0 352.0 
1 305.0 352.0 
2 305.0 352.0 
3 305.0 352.0 
4 305.0 352.0 
5 436.06836 385.21872 
6 410.67758 369.1794 
7 430.5808 402.72504 
8 305.0 352.0 
9 416.18195 404.10614 
10 305.0 352.0 
11 399.5304 395.40894 
12 386.0865 384.9946 
13 375.9736 397.99817 
14 355.79846 386.59467 
15 343.2813 414.62857 
16 336.75348 407.3644 
0 210.0 357.0 
1 210.0 357.0 
2 210.0 357.0 
3 210.0 357.0 
4 210.0 357.0 
5 268.55576 381.56937 
6 300.58896 397.24225 
7 227.55318 385.1313 
8 210.0 357.0 
9 210.0 357.0 
10 210.0 357.0 
11 257.71222 450.78897 
12 281.0223 460.89166 
13 221.77702 424.75262 
14 210.0 357.0 
15 241.00368 472.42548 
16 210.0 357.0 
0 420.0 267.0 
1 420.0 267.0 
2 420.0 267.0 
3 420.0 267.0 
4 420.0 267.0 
5 494.93533 304.12503 
6 467.31448 287.08765 
7 495.9662 330.31473 
8 449.43472 298.56848 
9 492.40283 352.51773 
10 443.2196 314.45798 
11 474.3039 333.92236 
12 457.98083 322.50735 
13 420.0 267.0 
14 420.0 267.0 
15 420.0 267.0 
16 420.0 267.0 
0 211.0 358.0 
1 211.0 358.0 
2 211.0 358.0 
3 211.0 358.0 
4 211.0 358.0 
5 268.4769 382.7135 
6 303.50385 401.17258 
7 228.591 390.53195 
8 211.0 358.0 
9 211.0 358.0 
10 211.0 358.0 
11 259.12704 450.64258 
12 283.2723 462.92383 
13 222.09009 423.91724 
14 211.0 358.0 
15 242.11032 474.17374 
16 211.0 358.0 
0 306.0 353.0 
1 306.0 353.0 
2 306.0 353.0 
3 306.0 353.0 
4 306.0 353.0 
5 435.91406 386.88998 
6 413.36282 370.7256 
7 429.50592 402.9337 
8 306.0 353.0 
9 416.7801 403.6684 
10 306.0 353.0 
11 400.49017 394.38013 
12 388.02954 384.46146 
13 382.87115 398.0457 
14 359.13574 387.7588 
15 343.15143 413.06 
16 337.98303 405.6735 
0 417.0 268.0 
1 417.0 268.0 
2 417.0 268.0 
3 417.0 268.0 
4 417.0 268.0 
5 497.2887 303.93365 
6 467.22232 287.14072 
7 496.70654 332.4096 
8 452.26556 301.68884 
9 492.6886 353.9035 
10 449.22485 317.63675 
11 473.06607 335.942 
12 457.5379 324.81213 
13 417.0 268.0 
14 417.0 268.0 
15 417.0 268.0 
16 417.0 268.0 
0 211.0 359.0 
1 211.0 359.0 
2 211.0 359.0 
3 211.0 359.0 
4 211.0 359.0 
5 268.77646 385.5244 
6 304.8408 398.75372 
7 233.78984 396.54224 
8 211.0 359.0 
9 211.0 359.0 
10 211.0 359.0 
11 261.61035 450.7918 
12 287.2024 462.06122 
13 225.65466 424.33075 
14 211.0 359.0 
15 242.1954 475.76172 
16 211.0 359.0 
0 309.0 351.0 
1 309.0 351.0 
2 309.0 351.0 
3 440.31897 372.2102 
4 309.0 351.0 
5 437.07477 386.67047 
6 413.25256 369.6491 
7 428.44153 403.49283 
8 309.0 351.0 
9 415.49084 404.6737 
10 309.0 351.0 
11 402.17987 398.25354 
12 387.59125 385.6391 
13 378.88013 398.7359 
14 309.0 351.0 
15 343.19327 410.3549 
16 309.0 351.0 
0 213.0 359.0 
1 213.0 359.0 
2 213.0 359.0 
3 281.61636 375.07562 
4 213.0 359.0 
5 270.5391 387.94308 
6 306.71478 397.98413 
7 236.34317 398.0351 
8 213.0 359.0 
9 213.0 359.0 
10 213.0 359.0 
11 267.0133 454.5602 
12 291.3581 462.79922 
13 227.9097 424.3827 
14 213.0 359.0 
15 243.04984 477.24008 
16 213.0 359.0 
0 420.0 269.0 
1 420.0 269.0 
2 420.0 269.0 
3 420.0 269.0 
4 420.0 269.0 
5 498.71652 303.40503 
6 468.40747 289.5308 
7 497.99878 331.9138 
8 454.48523 305.24554 
9 492.7406 353.4359 
10 454.80093 321.76746 
11 480.0899 334.19873 
12 463.06598 325.44037 
13 420.0 269.0 
14 437.844 328.02997 
15 420.0 269.0 
16 420.0 269.0 
0 309.0 354.0 
1 309.0 354.0 
2 309.0 354.0 
3 440.1657 371.78076 
4 309.0 354.0 
5 435.57233 385.23743 
6 413.4757 368.4369 
7 430.09686 402.23837 
8 309.0 354.0 
9 416.71887 403.90973 
10 309.0 354.0 
11 398.76422 395.57996 
12 386.61664 385.44916 
13 377.76648 399.2974 
14 359.0956 392.99124 
15 343.11877 413.80774 
16 339.64606 406.63904 
0 214.0 358.0 
1 214.0 358.0 
2 214.0 358.0 
3 214.0 358.0 
4 214.0 358.0 
5 271.0588 390.7303 
6 310.8378 400.09787 
7 237.15868 402.52588 
8 214.0 358.0 
9 214.0 358.0 
10 214.0 358.0 
11 271.37848 461.14926 
12 296.9699 468.449 
13 231.25732 424.982 
14 214.0 358.0 
15 241.52219 476.10287 
16 214.0 358.0 
0 428.11707 362.8803 
1 433.8094 363.76364 
2 428.12292 360.3083 
3 439.32587 371.84164 
4 317.0 354.0 
5 436.34103 385.33356 
6 411.2363 369.45258 
7 429.18213 402.60974 
8 317.0 354.0 
9 415.78168 404.00677 
10 317.0 354.0 
11 400.01944 395.7339 
12 385.41483 386.1282 
13 378.7712 399.3991 
14 363.84866 391.41898 
15 345.04913 417.71716 
16 339.72458 411.67154 
0 418.0 270.0 
1 418.0 270.0 
2 418.0 270.0 
3 492.34906 294.89868 
4 476.83426 290.88077 
5 499.25806 303.26093 
6 468.675 291.12027 
7 499.4949 330.0066 
8 456.0008 310.75473 
9 494.01562 353.33258 
10 459.99493 327.2356 
11 485.9038 334.91913 
12 465.68835 327.20047 
13 418.0 270.0 
14 437.50912 332.27063 
15 418.0 270.0 
16 418.0 270.0 
0 215.0 358.0 
1 215.0 358.0 
2 215.0 358.0 
3 215.0 358.0 
4 215.0 358.0 
5 276.51324 390.367 
6 314.31198 399.16208 
7 240.85693 407.30145 
8 215.0 358.0 
9 215.0 358.0 
10 215.0 358.0 
11 272.6491 462.43765 
12 301.2734 471.53046 
13 233.32895 425.78064 
14 215.0 358.0 
15 240.39552 476.63507 
16 215.0 358.0 
0 427.31693 365.02338 
1 432.93054 366.29645 
2 427.91025 361.7368 
3 438.27643 372.952 
4 318.0 357.0 
5 435.55756 386.31854 
6 412.19104 370.05188 
7 428.97733 402.54752 
8 318.0 357.0 
9 414.74463 406.2203 
10 318.0 357.0 
11 398.7358 395.65475 
12 385.4643 386.0614 
13 380.40836 401.32925 
14 318.0 357.0 
15 342.9545 422.21112 
16 318.0 357.0 
0 418.0 270.0 
1 418.0 270.0 
2 418.0 270.0 
3 418.0 270.0 
4 418.0 270.0 
5 501.61096 302.6154 
6 470.5131 292.40533 
7 499.9719 330.0394 
8 458.41943 315.97964 
9 494.3777 352.561 
10 466.03186 332.57483 
11 484.9329 338.08145 
12 464.11023 331.60806 
13 418.0 270.0 
14 437.81558 335.23746 
15 418.0 270.0 
16 418.0 270.0 
0 217.0 358.0 
1 217.0 358.0 
2 217.0 358.0 
3 217.0 358.0 
4 308.11017 383.42175 
5 278.2395 390.60065 
6 315.8121 399.12817 
7 242.82951 412.07983 
8 217.0 358.0 
9 217.0 358.0 
10 217.0 358.0 
11 278.1235 465.3002 
12 303.2775 471.59024 
13 236.32048 426.1836 
14 217.0 358.0 
15 237.76886 475.37762 
16 217.0 358.0 
0 428.18585 363.77264 
1 433.69794 365.0238 
2 429.1727 360.93167 
3 438.9282 373.3942 
4 320.0 350.0 
5 435.75513 385.18408 
6 409.87167 369.63684 
7 429.67303 402.96298 
8 320.0 350.0 
9 416.32495 406.5748 
10 320.0 350.0 
11 399.83646 397.86816 
12 383.84268 386.5295 
13 378.38055 402.80774 
14 361.2097 395.3382 
15 343.09137 426.91562 
16 320.0 350.0 
0 486.24823 301.84683 
1 489.9799 299.60483 
2 484.2282 298.29944 
3 418.0 271.0 
4 479.40802 291.897 
5 501.7317 298.89655 
6 471.3992 294.09503 
7 501.59082 328.8315 
8 461.46024 320.41742 
9 494.9 350.2261 
10 471.7795 337.00137 
11 489.8813 338.1261 
12 470.39578 332.8738 
13 418.0 271.0 
14 418.0 271.0 
15 418.0 271.0 
16 418.0 271.0 
0 217.0 359.0 
1 217.0 359.0 
2 217.0 359.0 
3 289.87466 379.2146 
4 217.0 359.0 
5 282.01288 391.80194 
6 319.028 401.25552 
7 246.32565 416.07184 
8 217.0 359.0 
9 217.0 359.0 
10 217.0 359.0 
11 280.79785 466.17685 
12 303.0148 473.9341 
13 239.22656 425.9913 
14 217.0 359.0 
15 239.29707 475.71353 
16 217.0 359.0 
0 427.91464 365.00024 
1 433.26352 365.57495 
2 427.71683 362.33893 
3 437.90024 373.41397 
4 321.0 358.0 
5 433.94598 385.90646 
6 409.77173 369.6748 
7 429.57645 402.60822 
8 321.0 358.0 
9 415.6103 407.29803 
10 321.0 358.0 
11 400.32324 397.89484 
12 383.77856 387.27795 
13 375.59796 408.2977 
14 361.63336 397.4935 
15 344.08926 427.62402 
16 321.0 358.0 
0 488.8721 302.0058 
1 492.0006 299.12604 
2 486.24976 298.30988 
3 419.0 279.0 
4 480.3459 292.99292 
5 503.14545 301.5517 
6 472.34 295.6701 
7 503.5212 329.53247 
8 463.91974 321.3608 
9 419.0 279.0 
10 476.00616 342.33392 
11 490.04843 339.556 
12 470.57117 336.10434 
13 419.0 279.0 
14 419.0 279.0 
15 419.0 279.0 
16 419.0 279.0 
0 218.0 359.0 
1 218.0 359.0 
2 218.0 359.0 
3 218.0 359.0 
4 218.0 359.0 
5 284.57666 395.34045 
6 321.63657 404.0791 
7 248.20761 421.72043 
8 218.0 359.0 
9 218.0 359.0 
10 218.0 359.0 
11 281.5351 466.88745 
12 304.36615 475.48126 
13 244.18456 425.9253 
14 218.0 359.0 
15 240.10036 475.14792 
16 218.0 359.0 
0 322.0 358.0 
1 322.0 358.0 
2 322.0 358.0 
3 322.0 358.0 
4 322.0 358.0 
5 434.5863 386.7914 
6 410.72412 370.06528 
7 428.66354 402.986 
8 322.0 358.0 
9 415.2666 409.66013 
10 322.0 358.0 
11 398.25873 396.52664 
12 385.29233 385.6185 
13 372.61862 409.45325 
14 360.21332 397.68192 
15 345.6249 428.75513 
16 322.0 358.0 
0 220.0 359.0 
1 220.0 359.0 
2 220.0 359.0 
3 220.0 359.0 
4 220.0 359.0 
5 284.85022 397.55374 
6 324.7309 405.29486 
7 251.37573 425.47162 
8 220.0 359.0 
9 220.0 359.0 
10 220.0 359.0 
11 283.56076 471.16687 
12 307.12973 477.5748 
13 246.6594 429.39227 
14 220.0 359.0 
15 239.83102 477.26443 
16 220.0 359.0 
0 323.0 358.0 
1 323.0 358.0 
2 323.0 358.0 
3 323.0 358.0 
4 323.0 358.0 
5 434.61084 388.4444 
6 413.87872 369.8432 
7 427.50803 402.80023 
8 323.0 358.0 
9 413.99838 409.85638 
10 323.0 358.0 
11 397.19305 396.5521 
12 384.85114 384.76007 
13 372.77142 408.2718 
14 359.46616 397.41113 
15 348.43353 425.232 
16 323.0 358.0 
0 213.0 368.0 
1 213.0 368.0 
2 213.0 368.0 
3 213.0 368.0 
4 213.0 368.0 
5 289.09247 400.46613 
6 326.37805 404.1769 
7 255.98404 425.15433 
8 213.0 368.0 
9 213.0 368.0 
10 213.0 368.0 
11 288.30627 472.9553 
12 307.9432 480.13467 
13 250.77826 429.2606 
14 213.0 368.0 
15 237.17783 478.13977 
16 213.0 368.0 
0 492.18176 306.2832 
1 495.21353 303.1739 
2 489.61673 302.69464 
3 501.68488 299.16452 
4 421.0 281.0 
5 509.48682 308.85132 
6 479.22412 301.94363 
7 509.58624 333.09082 
8 475.414 324.95517 
9 497.7704 349.05157 
10 485.55246 346.17966 
11 494.04846 341.02835 
12 477.1699 332.70874 
13 421.0 281.0 
14 421.0 281.0 
15 421.0 281.0 
16 421.0 281.0 
0 324.0 358.0 
1 324.0 358.0 
2 324.0 358.0 
3 324.0 358.0 
4 324.0 358.0 
5 435.66452 388.33633 
6 324.0 358.0 
7 427.69446 402.73563 
8 324.0 358.0 
9 414.0431 409.66852 
10 324.0 358.0 
11 400.35028 396.287 
12 388.3772 383.2916 
13 374.24857 406.4036 
14 324.0 358.0 
15 345.76724 424.22064 
16 324.0 358.0 
0 216.0 370.0 
1 216.0 370.0 
2 216.0 370.0 
3 301.2309 384.1897 
4 216.0 370.0 
5 292.88577 403.08972 
6 332.80835 407.9618 
7 260.3701 427.0876 
8 216.0 370.0 
9 216.0 370.0 
10 216.0 370.0 
11 290.4756 473.39395 
12 309.8309 481.81793 
13 253.38269 430.38263 
14 216.0 370.0 
15 239.76343 477.44006 
16 216.0 370.0 
0 503.0 203.0 
1 503.0 203.0 
2 503.0 203.0 
3 503.0 203.0 
4 503.0 203.0 
5 589.0025 220.29117 
6 592.91565 238.74922 
7 503.0 203.0 
8 503.0 203.0 
9 503.0 203.0 
10 503.0 203.0 
11 554.58014 225.59615 
12 554.9495 240.95844 
13 540.20197 212.89133 
14 503.0 203.0 
15 515.07996 218.6326 
16 503.0 203.0 
0 334.0 358.0 
1 334.0 358.0 
2 334.0 358.0 
3 334.0 358.0 
4 334.0 358.0 
5 435.29144 388.5821 
6 413.35022 370.91077 
7 428.1175 403.28522 
8 334.0 358.0 
9 414.62814 409.83887 
10 334.0 358.0 
11 398.6307 396.7334 
12 387.54443 385.29532 
13 374.3072 405.39966 
14 334.0 358.0 
15 334.0 358.0 
16 334.0 358.0 
0 495.51038 308.09177 
1 498.54587 305.10425 
2 492.22308 304.91278 
3 504.1211 300.7169 
4 415.0 283.0 
5 512.44946 311.11896 
6 480.5397 304.46628 
7 512.35565 335.2135 
8 477.5005 327.01694 
9 499.53275 350.7016 
10 489.70328 350.0639 
11 498.0642 343.92383 
12 478.9237 334.30862 
13 415.0 283.0 
14 459.38864 329.9722 
15 415.0 283.0 
16 415.0 283.0 
0 503.0 202.0 
1 503.0 202.0 
2 503.0 202.0 
3 503.0 202.0 
4 503.0 202.0 
5 589.8761 221.38359 
6 592.47394 238.8552 
7 503.0 202.0 
8 503.0 202.0 
9 503.0 202.0 
10 503.0 202.0 
11 555.56635 224.96638 
12 555.3907 239.33247 
13 540.94244 211.01047 
14 503.0 202.0 
15 516.2773 217.79454 
16 503.0 202.0 
0 217.0 370.0 
1 217.0 370.0 
2 217.0 370.0 
3 305.08752 386.6175 
4 217.0 370.0 
5 295.54453 405.53387 
6 337.28046 408.99216 
7 264.75693 428.4371 
8 217.0 370.0 
9 217.0 370.0 
10 217.0 370.0 
11 294.99792 475.58313 
12 312.1081 482.1825 
13 255.39761 430.55746 
14 217.0 370.0 
15 239.7279 477.63828 
16 217.0 370.0 
0 211.0 355.0 
1 211.0 355.0 
2 211.0 355.0 
3 211.0 355.0 
4 211.0 355.0 
5 434.81903 387.28708 
6 414.1456 370.65106 
7 428.99246 402.45416 
8 211.0 355.0 
9 413.88947 409.50964 
10 211.0 355.0 
11 398.95184 398.6971 
12 385.68927 385.7818 
13 370.74878 410.20123 
14 355.07782 400.3866 
15 344.06723 430.9795 
16 211.0 355.0 
0 211.0 371.0 
1 211.0 371.0 
2 211.0 371.0 
3 211.0 371.0 
4 211.0 371.0 
5 305.2162 408.57535 
6 342.4256 410.04694 
7 266.95264 429.33914 
8 211.0 371.0 
9 211.0 371.0 
10 211.0 371.0 
11 296.8826 474.45697 
12 313.10788 481.95917 
13 257.4927 430.0182 
14 211.0 371.0 
15 239.84775 476.86404 
16 211.0 371.0 
0 504.0 201.0 
1 504.0 201.0 
2 504.0 201.0 
3 504.0 201.0 
4 504.0 201.0 
5 587.7914 221.8137 
6 590.1106 241.89404 
7 504.0 201.0 
8 504.0 201.0 
9 504.0 201.0 
10 504.0 201.0 
11 552.40594 225.94261 
12 553.8132 241.58694 
13 542.58716 209.15857 
14 504.0 201.0 
15 515.6643 214.9636 
16 504.0 201.0 
0 211.0 357.0 
1 211.0 357.0 
2 211.0 357.0 
3 211.0 357.0 
4 211.0 357.0 
5 297.82043 406.15454 
6 345.33838 414.30273 
7 211.0 357.0 
8 211.0 357.0 
9 211.0 357.0 
10 211.0 357.0 
11 290.61102 472.637 
12 310.5238 484.29794 
13 255.71904 430.23862 
14 211.0 357.0 
15 240.39015 476.87238 
16 211.0 357.0 
0 214.0 372.0 
1 214.0 372.0 
2 214.0 372.0 
3 214.0 372.0 
4 214.0 372.0 
5 310.6102 409.56296 
6 349.31064 413.76697 
7 271.73505 429.49542 
8 214.0 372.0 
9 214.0 372.0 
10 214.0 372.0 
11 298.03043 473.19107 
12 313.58444 481.1961 
13 259.73874 429.44937 
14 214.0 372.0 
15 236.24231 476.94144 
16 214.0 372.0 
0 211.0 356.0 
1 211.0 356.0 
2 211.0 356.0 
3 211.0 356.0 
4 211.0 356.0 
5 304.0597 406.14172 
6 351.89612 416.89923 
7 211.0 356.0 
8 211.0 356.0 
9 211.0 356.0 
10 211.0 356.0 
11 294.39844 469.54352 
12 312.75397 483.26428 
13 259.70813 430.48535 
14 211.0 356.0 
15 243.05833 475.0472 
16 211.0 356.0 
0 209.0 357.0 
1 209.0 357.0 
2 209.0 357.0 
3 209.0 357.0 
4 209.0 357.0 
5 318.4472 410.26318 
6 357.00653 416.44843 
7 209.0 357.0 
8 209.0 357.0 
9 209.0 357.0 
10 209.0 357.0 
11 297.14993 471.80756 
12 311.15808 482.0436 
13 260.19412 428.7327 
14 209.0 357.0 
15 233.74055 475.56183 
16 209.0 357.0 
0 208.0 359.0 
1 208.0 359.0 
2 208.0 359.0 
3 208.0 359.0 
4 208.0 359.0 
5 326.1732 414.86996 
6 360.38297 419.55505 
7 208.0 359.0 
8 208.0 359.0 
9 208.0 359.0 
10 208.0 359.0 
11 297.80618 471.05066 
12 308.7732 482.55667 
13 261.9 429.7482 
14 208.0 359.0 
15 231.12642 473.3017 
16 208.0 359.0 
0 206.0 360.0 
1 206.0 360.0 
2 206.0 360.0 
3 206.0 360.0 
4 206.0 360.0 
5 330.7371 419.26788 
6 206.0 360.0 
7 206.0 360.0 
8 206.0 360.0 
9 206.0 360.0 
10 206.0 360.0 
11 301.7325 470.8582 
12 309.29938 480.877 
13 263.8726 431.3277 
14 206.0 360.0 
15 228.01134 471.7586 
16 206.0 360.0 
0 197.0 361.0 
1 197.0 361.0 
2 197.0 361.0 
3 197.0 361.0 
4 197.0 361.0 
5 197.0 361.0 
6 197.0 361.0 
7 197.0 361.0 
8 197.0 361.0 
9 197.0 361.0 
10 197.0 361.0 
11 305.56708 471.99435 
12 308.602 479.05176 
13 263.20038 431.83044 
14 197.0 361.0 
15 226.75638 470.14447 
16 197.0 361.0 
0 179.0 360.0 
1 179.0 360.0 
2 179.0 360.0 
3 179.0 360.0 
4 179.0 360.0 
5 179.0 360.0 
6 179.0 360.0 
7 179.0 360.0 
8 179.0 360.0 
9 179.0 360.0 
10 179.0 360.0 
11 307.52505 470.19128 
12 315.64102 487.54492 
13 263.96686 433.52545 
14 179.0 360.0 
15 225.5692 465.60995 
16 179.0 360.0 
0 180.0 360.0 
1 180.0 360.0 
2 180.0 360.0 
3 180.0 360.0 
4 180.0 360.0 
5 343.36905 428.2635 
6 180.0 360.0 
7 306.53265 432.258 
8 180.0 360.0 
9 294.6196 420.75433 
10 180.0 360.0 
11 308.0971 471.56183 
12 320.79517 487.8824 
13 263.82867 436.78055 
14 180.0 360.0 
15 221.1976 465.24457 
16 180.0 360.0 
0 191.0 360.0 
1 191.0 360.0 
2 191.0 360.0 
3 191.0 360.0 
4 191.0 360.0 
5 191.0 360.0 
6 191.0 360.0 
7 191.0 360.0 
8 191.0 360.0 
9 191.0 360.0 
10 191.0 360.0 
11 311.05615 471.2661 
12 316.6642 488.0631 
13 265.15625 436.59216 
14 262.9472 457.47314 
15 216.10135 459.45834 
16 227.92587 489.31818 
0 189.0 360.0 
1 189.0 360.0 
2 189.0 360.0 
3 189.0 360.0 
4 189.0 360.0 
5 350.93314 433.44846 
6 189.0 360.0 
7 314.27002 426.98514 
8 189.0 360.0 
9 189.0 360.0 
10 189.0 360.0 
11 315.23035 471.70923 
12 321.167 486.37555 
13 267.94678 434.95697 
14 265.75604 456.53384 
15 219.81891 451.00272 
16 225.9677 485.97028 
0 189.0 359.0 
1 189.0 359.0 
2 189.0 359.0 
3 189.0 359.0 
4 189.0 359.0 
5 189.0 359.0 
6 189.0 359.0 
7 189.0 359.0 
8 189.0 359.0 
9 189.0 359.0 
10 189.0 359.0 
11 317.1947 469.9491 
12 319.78345 487.90643 
13 269.71854 434.52087 
14 266.78394 455.63547 
15 219.248 448.14066 
16 223.08598 483.5537 
0 188.0 359.0 
1 188.0 359.0 
2 188.0 359.0 
3 188.0 359.0 
4 188.0 359.0 
5 188.0 359.0 
6 188.0 359.0 
7 188.0 359.0 
8 188.0 359.0 
9 188.0 359.0 
10 188.0 359.0 
11 313.4096 468.91357 
12 315.15408 483.50812 
13 273.14725 432.9794 
14 263.86688 457.89026 
15 218.71774 445.34802 
16 219.82373 483.25525 
0 416.0 298.0 
1 416.0 298.0 
2 416.0 298.0 
3 416.0 298.0 
4 416.0 298.0 
5 416.0 298.0 
6 525.0113 323.62604 
7 416.0 298.0 
8 416.0 298.0 
9 416.0 298.0 
10 416.0 298.0 
11 494.1301 339.7041 
12 490.75732 326.26236 
13 416.0 298.0 
14 462.58368 315.6998 
15 416.0 298.0 
16 437.2349 309.79703 
0 189.0 359.0 
1 189.0 359.0 
2 189.0 359.0 
3 189.0 359.0 
4 189.0 359.0 
5 368.36584 450.02243 
6 391.1308 476.0249 
7 334.67126 434.0594 
8 189.0 359.0 
9 189.0 359.0 
10 189.0 359.0 
11 315.46066 471.89508 
12 318.81775 484.5122 
13 275.11697 430.31393 
14 265.02817 457.50348 
15 221.10034 441.9924 
16 221.46896 481.37625 
0 419.0 297.0 
1 419.0 297.0 
2 419.0 297.0 
3 419.0 297.0 
4 419.0 297.0 
5 538.20984 346.82104 
6 527.98584 322.42157 
7 419.0 297.0 
8 506.60938 328.11975 
9 419.0 297.0 
10 419.0 297.0 
11 494.20764 342.83054 
12 493.0986 325.11298 
13 419.0 297.0 
14 465.84894 316.27838 
15 419.0 297.0 
16 442.00684 307.64188 
0 180.0 359.0 
1 180.0 359.0 
2 180.0 359.0 
3 180.0 359.0 
4 180.0 359.0 
5 376.00885 450.73416 
6 393.63867 478.44687 
7 335.7318 433.4917 
8 180.0 359.0 
9 180.0 359.0 
10 180.0 359.0 
11 317.2294 474.08826 
12 318.45935 486.59802 
13 278.18808 429.00177 
14 264.4437 456.67105 
15 222.07314 436.7239 
16 221.75447 479.0874 
0 421.0 297.0 
1 421.0 297.0 
2 421.0 297.0 
3 421.0 297.0 
4 421.0 297.0 
5 421.0 297.0 
6 528.8195 324.7818 
7 421.0 297.0 
8 421.0 297.0 
9 421.0 297.0 
10 421.0 297.0 
11 494.86157 346.80984 
12 494.54782 328.2077 
13 463.41376 348.02112 
14 468.58734 317.84094 
15 421.0 297.0 
16 447.3579 304.8469 
0 180.0 358.0 
1 180.0 358.0 
2 180.0 358.0 
3 180.0 358.0 
4 180.0 358.0 
5 379.26093 449.98474 
6 392.88458 481.6437 
7 340.92633 432.76367 
8 180.0 358.0 
9 180.0 358.0 
10 180.0 358.0 
11 317.9132 474.5326 
12 318.77393 487.79587 
13 281.33386 426.70523 
14 262.87906 455.40265 
15 226.49226 433.40424 
16 222.36072 477.53204 
0 422.0 297.0 
1 422.0 297.0 
2 422.0 297.0 
3 422.0 297.0 
4 422.0 297.0 
5 538.91003 347.14832 
6 530.2376 323.41953 
7 422.0 297.0 
8 422.0 297.0 
9 422.0 297.0 
10 422.0 297.0 
11 496.92194 346.23862 
12 495.7137 327.05664 
13 466.0791 347.38834 
14 468.82928 315.72702 
15 422.0 297.0 
16 449.67383 303.81738 
0 423.0 288.0 
1 423.0 288.0 
2 423.0 288.0 
3 423.0 288.0 
4 423.0 288.0 
5 539.4969 351.44025 
6 532.05426 322.9894 
7 517.3069 357.73303 
8 423.0 288.0 
9 423.0 288.0 
10 423.0 288.0 
11 496.96014 345.09824 
12 498.03146 326.6635 
13 465.51956 347.8547 
14 471.2653 319.98383 
15 423.0 288.0 
16 454.86172 305.54755 
0 188.0 358.0 
1 188.0 358.0 
2 188.0 358.0 
3 188.0 358.0 
4 188.0 358.0 
5 380.41507 449.0758 
6 395.4307 481.34363 
7 343.05658 437.0274 
8 188.0 358.0 
9 188.0 358.0 
10 188.0 358.0 
11 315.84375 470.8241 
12 319.43573 486.54614 
13 285.88785 425.39886 
14 264.45898 456.64612 
15 229.93082 429.614 
16 223.48087 476.15338 
0 423.0 296.0 
1 423.0 296.0 
2 423.0 296.0 
3 423.0 296.0 
4 544.05133 328.69006 
5 540.3556 347.79102 
6 532.1831 323.39258 
7 423.0 296.0 
8 507.50366 327.15427 
9 423.0 296.0 
10 496.02884 342.3224 
11 497.81903 346.6563 
12 495.1209 329.65018 
13 423.0 296.0 
14 472.67 320.4968 
15 423.0 296.0 
16 456.99005 305.64172 
0 189.0 358.0 
1 189.0 358.0 
2 189.0 358.0 
3 189.0 358.0 
4 189.0 358.0 
5 382.6267 453.17737 
6 397.23816 481.9403 
7 345.45654 439.3748 
8 189.0 358.0 
9 189.0 358.0 
10 189.0 358.0 
11 315.61697 469.84637 
12 319.71036 482.92053 
13 288.29678 423.22195 
14 265.4322 456.1773 
15 234.49097 430.05505 
16 219.58946 475.69995 
0 186.0 406.0 
1 186.0 406.0 
2 186.0 406.0 
3 186.0 406.0 
4 186.0 406.0 
5 381.11755 450.43625 
6 394.91025 482.0039 
7 344.54297 437.04376 
8 186.0 406.0 
9 186.0 406.0 
10 186.0 406.0 
11 315.1568 470.84595 
12 317.31052 483.18692 
13 291.43015 421.49182 
14 266.53674 457.54315 
15 238.03168 428.518 
16 219.71677 480.80646 
0 423.0 299.0 
1 423.0 299.0 
2 423.0 299.0 
3 423.0 299.0 
4 423.0 299.0 
5 540.3432 350.3285 
6 534.0552 321.94296 
7 423.0 299.0 
8 509.38208 325.43445 
9 423.0 299.0 
10 493.81152 342.12106 
11 494.95047 347.0527 
12 494.63647 328.70572 
13 463.35492 348.74603 
14 471.9573 322.72482 
15 439.7913 342.69995 
16 457.7289 307.8838 
0 185.0 406.0 
1 185.0 406.0 
2 185.0 406.0 
3 185.0 406.0 
4 185.0 406.0 
5 382.25696 450.30243 
6 394.1352 481.50192 
7 347.8686 438.61578 
8 185.0 406.0 
9 185.0 406.0 
10 185.0 406.0 
11 317.00803 467.88873 
12 320.2598 482.47586 
13 293.81934 420.92477 
14 266.38104 458.54184 
15 241.22946 429.04666 
16 222.98508 483.31433 
0 423.0 300.0 
1 423.0 300.0 
2 423.0 300.0 
3 423.0 300.0 
4 423.0 300.0 
5 542.01276 350.2902 
6 533.9011 322.62262 
7 423.0 300.0 
8 509.60086 324.9247 
9 423.0 300.0 
10 493.7958 343.01648 
11 495.8883 347.1629 
12 494.34317 328.34814 
13 423.0 300.0 
14 473.19507 324.65768 
15 423.0 300.0 
16 460.81223 314.4781 
0 187.0 406.0 
1 187.0 406.0 
2 187.0 406.0 
3 187.0 406.0 
4 187.0 406.0 
5 383.20062 451.5251 
6 395.78918 479.3028 
7 348.6463 440.99182 
8 187.0 406.0 
9 187.0 406.0 
10 187.0 406.0 
11 318.18298 468.9551 
12 320.02643 481.38382 
13 293.06772 421.17587 
14 267.88373 458.00555 
15 243.22043 431.16608 
16 226.27438 485.50153 
0 186.0 406.0 
1 186.0 406.0 
2 186.0 406.0 
3 186.0 406.0 
4 186.0 406.0 
5 381.64575 451.21344 
6 394.7633 479.02075 
7 349.68497 441.5654 
8 186.0 406.0 
9 186.0 406.0 
10 186.0 406.0 
11 319.4923 469.15472 
12 318.80063 480.91696 
13 296.0758 420.7975 
14 267.84375 459.91772 
15 247.12311 434.0485 
16 226.96928 484.46805 
0 185.0 414.0 
1 185.0 414.0 
2 185.0 414.0 
3 185.0 414.0 
4 185.0 414.0 
5 380.99533 449.10254 
6 389.91205 483.36313 
7 346.84723 436.36618 
8 185.0 414.0 
9 185.0 414.0 
10 185.0 414.0 
11 322.6405 465.41055 
12 322.71997 482.4465 
13 295.63022 421.99207 
14 266.43488 465.08337 
15 247.9072 439.15005 
16 226.90474 485.84515 
0 166.0 414.0 
1 166.0 414.0 
2 166.0 414.0 
3 166.0 414.0 
4 166.0 414.0 
5 381.49658 449.97723 
6 391.64148 481.9533 
7 166.0 414.0 
8 166.0 414.0 
9 166.0 414.0 
10 166.0 414.0 
11 318.24078 466.5187 
12 318.5325 480.41574 
13 296.22156 421.3181 
14 166.0 414.0 
15 252.11365 441.54306 
16 166.0 414.0 
0 176.0 365.0 
1 176.0 365.0 
2 176.0 365.0 
3 176.0 365.0 
4 176.0 365.0 
5 379.2809 447.19678 
6 392.96915 484.39682 
7 176.0 365.0 
8 176.0 365.0 
9 176.0 365.0 
10 176.0 365.0 
11 317.836 464.5275 
12 321.13037 485.21115 
13 295.47943 425.15094 
14 268.40717 467.57312 
15 253.87695 445.3971 
16 176.0 365.0 
0 177.0 365.0 
1 177.0 365.0 
2 177.0 365.0 
3 177.0 365.0 
4 177.0 365.0 
5 380.14667 448.27942 
6 392.50208 483.617 
7 177.0 365.0 
8 177.0 365.0 
9 177.0 365.0 
10 177.0 365.0 
11 318.32043 464.38983 
12 320.99722 484.0819 
13 293.4878 426.8939 
14 267.2453 471.35355 
15 254.72623 449.3993 
16 177.0 365.0 
0 189.0 365.0 
1 189.0 365.0 
2 189.0 365.0 
3 189.0 365.0 
4 189.0 365.0 
5 380.42004 444.40137 
6 392.14584 482.29416 
7 189.0 365.0 
8 189.0 365.0 
9 189.0 365.0 
10 189.0 365.0 
11 319.4115 459.39044 
12 313.95282 480.62302 
13 289.28757 430.08795 
14 268.27008 474.9192 
15 256.63953 453.4702 
16 189.0 365.0 
0 183.0 415.0 
1 183.0 415.0 
2 183.0 415.0 
3 183.0 415.0 
4 183.0 415.0 
5 380.86975 445.46234 
6 389.92368 480.00183 
7 183.0 415.0 
8 183.0 415.0 
9 183.0 415.0 
10 183.0 415.0 
11 318.02985 461.23715 
12 316.54813 481.14868 
13 285.34595 430.04092 
14 261.93207 471.7452 
15 256.12686 456.77814 
16 183.0 415.0 
0 179.0 365.0 
1 179.0 365.0 
2 179.0 365.0 
3 179.0 365.0 
4 179.0 365.0 
5 376.36304 444.56494 
6 389.35223 479.67676 
7 347.42072 435.58694 
8 179.0 365.0 
9 179.0 365.0 
10 179.0 365.0 
11 310.94965 456.71982 
12 311.22583 483.58136 
13 290.90155 431.1124 
14 179.0 365.0 
15 179.0 365.0 
16 179.0 365.0 
0 188.0 365.0 
1 188.0 365.0 
2 188.0 365.0 
3 188.0 365.0 
4 188.0 365.0 
5 379.10596 443.79724 
6 390.91782 483.02722 
7 188.0 365.0 
8 188.0 365.0 
9 188.0 365.0 
10 188.0 365.0 
11 313.3181 462.31314 
12 313.30487 483.88202 
13 282.83896 433.88266 
14 188.0 365.0 
15 255.14346 457.38873 
16 188.0 365.0 
0 192.0 365.0 
1 192.0 365.0 
2 192.0 365.0 
3 192.0 365.0 
4 192.0 365.0 
5 379.24393 441.73956 
6 391.46497 482.0495 
7 192.0 365.0 
8 192.0 365.0 
9 192.0 365.0 
10 192.0 365.0 
11 313.68585 458.9478 
12 315.8877 484.83835 
13 280.63162 436.46423 
14 192.0 365.0 
15 254.76178 458.70282 
16 192.0 365.0 
0 191.0 364.0 
1 191.0 364.0 
2 191.0 364.0 
3 191.0 364.0 
4 191.0 364.0 
5 377.6178 440.87973 
6 389.3856 482.3083 
7 191.0 364.0 
8 191.0 364.0 
9 191.0 364.0 
10 191.0 364.0 
11 313.48215 454.54825 
12 314.34552 485.11234 
13 280.34857 441.52768 
14 191.0 364.0 
15 191.0 364.0 
16 191.0 364.0 
0 416.0 314.0 
1 416.0 314.0 
2 416.0 314.0 
3 416.0 314.0 
4 416.0 314.0 
5 535.12537 348.71957 
6 525.29675 323.31268 
7 416.0 314.0 
8 499.62225 330.61713 
9 416.0 314.0 
10 481.2212 344.42834 
11 489.6356 344.54053 
12 486.66147 329.89462 
13 416.0 314.0 
14 458.50912 338.14297 
15 416.0 314.0 
16 416.0 314.0 
0 416.0 314.0 
1 416.0 314.0 
2 416.0 314.0 
3 416.0 314.0 
4 416.0 314.0 
5 535.50995 348.64285 
6 525.7825 323.4635 
7 416.0 314.0 
8 499.2638 330.69855 
9 416.0 314.0 
10 481.15067 343.6848 
11 489.4196 345.0401 
12 486.26953 329.9521 
13 416.0 314.0 
14 458.69128 338.54526 
15 416.0 314.0 
16 416.0 314.0 
0 416.0 314.0 
1 416.0 314.0 
2 416.0 314.0 
3 416.0 314.0 
4 416.0 314.0 
5 535.69855 348.60138 
6 525.668 323.60327 
7 416.0 314.0 
8 499.59613 330.5629 
9 416.0 314.0 
10 481.269 343.71457 
11 489.72284 344.94778 
12 486.5044 329.8781 
13 416.0 314.0 
14 459.55508 338.47574 
15 416.0 314.0 
16 416.0 314.0 
0 417.0 313.0 
1 417.0 313.0 
2 417.0 313.0 
3 417.0 313.0 
4 417.0 313.0 
5 535.62695 348.8387 
6 526.4699 322.68707 
7 417.0 313.0 
8 500.56448 329.2962 
9 417.0 313.0 
10 481.34116 344.72278 
11 489.0637 346.12296 
12 485.75287 330.3832 
13 417.0 313.0 
14 417.0 313.0 
15 417.0 313.0 
16 417.0 313.0 
0 417.0 313.0 
1 417.0 313.0 
2 417.0 313.0 
3 417.0 313.0 
4 417.0 313.0 
5 535.49854 348.4209 
6 524.81665 322.5016 
7 417.0 313.0 
8 500.416 329.29053 
9 417.0 313.0 
10 481.77283 344.73004 
11 488.9436 346.372 
12 485.10852 330.7155 
13 417.0 313.0 
14 417.0 313.0 
15 417.0 313.0 
16 417.0 313.0 
