0 651.0 276.0 
1 651.0 276.0 
2 651.0 276.0 
3 651.0 276.0 
4 651.0 276.0 
5 681.42236 311.9881 
6 695.5779 307.98355 
7 670.9384 333.95047 
8 651.0 276.0 
9 661.7039 344.76184 
10 651.0 276.0 
11 677.6987 355.0806 
12 688.81323 353.66772 
13 670.64703 383.21567 
14 677.43854 381.0805 
15 688.63525 407.0729 
16 698.7267 402.9408 
0 650.0 276.0 
1 650.0 276.0 
2 650.0 276.0 
3 650.0 276.0 
4 650.0 276.0 
5 680.4975 312.64047 
6 692.5101 308.68967 
7 670.7763 334.33762 
8 650.0 276.0 
9 660.0675 347.9569 
10 650.0 276.0 
11 677.4098 358.45273 
12 685.7595 357.04596 
13 668.27124 385.22534 
14 673.92334 383.37515 
15 697.067 402.79208 
16 650.0 276.0 
0 640.0 294.0 
1 640.0 294.0 
2 640.0 294.0 
3 640.0 294.0 
4 640.0 294.0 
5 669.2018 325.36853 
6 679.8987 323.4192 
7 658.1633 350.78467 
8 640.0 294.0 
9 640.0 294.0 
10 640.0 294.0 
11 671.0896 373.6984 
12 681.2617 372.01044 
13 640.0 294.0 
14 640.0 294.0 
15 640.0 294.0 
16 640.0 294.0 
0 633.0 300.0 
1 633.0 300.0 
2 633.0 300.0 
3 633.0 300.0 
4 633.0 300.0 
5 658.1595 330.86584 
6 667.94525 327.29358 
7 642.88043 353.17514 
8 633.0 300.0 
9 633.0 300.0 
10 633.0 300.0 
11 670.7542 383.67328 
12 633.0 300.0 
13 633.0 300.0 
14 633.0 300.0 
15 633.0 300.0 
16 633.0 300.0 
0 631.0 302.0 
1 631.0 302.0 
2 631.0 302.0 
3 631.0 302.0 
4 631.0 302.0 
5 656.2996 333.79257 
6 665.18524 329.562 
7 640.9122 352.1832 
8 631.0 302.0 
9 631.0 302.0 
10 631.0 302.0 
11 670.30176 381.04507 
12 681.3836 377.3845 
13 631.0 302.0 
14 631.0 302.0 
15 631.0 302.0 
16 631.0 302.0 
0 613.0 342.0 
1 613.0 342.0 
2 613.0 342.0 
3 613.0 342.0 
4 613.0 342.0 
5 633.35535 359.88577 
6 646.99634 353.7598 
7 613.0 342.0 
8 613.0 342.0 
9 613.0 342.0 
10 613.0 342.0 
11 656.8883 374.42642 
12 669.8401 370.762 
13 646.7089 388.23392 
14 613.0 342.0 
15 613.0 342.0 
16 613.0 342.0 
