0 675.0 277.0 
1 675.0 277.0 
2 675.0 277.0 
3 675.0 277.0 
4 675.0 277.0 
5 697.0433 294.90512 
6 716.4216 297.1176 
7 675.0 277.0 
8 726.7692 318.9883 
9 675.0 277.0 
10 675.0 277.0 
11 691.1446 337.18286 
12 706.9164 337.98187 
13 691.5577 364.42816 
14 710.97925 363.46365 
15 692.9861 391.52383 
16 707.8857 388.99246 
0 674.0 277.0 
1 674.0 277.0 
2 674.0 277.0 
3 674.0 277.0 
4 674.0 277.0 
5 697.5589 296.98224 
6 718.10406 297.79865 
7 674.0 277.0 
8 726.85065 318.80853 
9 674.0 277.0 
10 674.0 277.0 
11 691.10095 336.43988 
12 706.62823 337.27902 
13 692.6692 363.1634 
14 711.15875 362.0105 
15 693.4 390.55368 
16 708.85345 387.1986 
0 673.0 278.0 
1 673.0 278.0 
2 673.0 278.0 
3 673.0 278.0 
4 673.0 278.0 
5 697.48303 298.61758 
6 719.0522 299.63068 
7 673.0 278.0 
8 727.8628 318.94492 
9 673.0 278.0 
10 673.0 278.0 
11 691.8706 337.48242 
12 707.90906 338.63614 
13 691.77856 363.31348 
14 710.58923 363.15787 
15 693.6856 389.22644 
16 709.43695 387.607 
0 674.0 288.0 
1 674.0 288.0 
2 674.0 288.0 
3 674.0 288.0 
4 674.0 288.0 
5 698.6266 300.086 
6 716.7633 300.86807 
7 674.0 288.0 
8 729.00653 318.81143 
9 674.0 288.0 
10 674.0 288.0 
11 692.5045 338.16867 
12 709.4634 338.83804 
13 689.9213 365.31418 
14 709.7713 364.38007 
15 693.772 391.14777 
16 709.4704 388.21423 
0 676.0 289.0 
1 676.0 289.0 
2 676.0 289.0 
3 676.0 289.0 
4 676.0 289.0 
5 699.9453 300.71765 
6 718.9329 301.55695 
7 676.0 289.0 
8 729.8159 322.01068 
9 676.0 289.0 
10 676.0 289.0 
11 692.7356 339.9817 
12 709.7354 341.4107 
13 690.9352 364.93445 
14 709.2389 365.85886 
15 694.082 390.30566 
16 707.68945 388.8405 
0 678.0 290.0 
1 678.0 290.0 
2 678.0 290.0 
3 678.0 290.0 
4 678.0 290.0 
5 700.4078 302.72086 
6 720.92755 303.8547 
7 678.0 290.0 
8 730.89795 324.15753 
9 678.0 290.0 
10 678.0 290.0 
11 691.9029 344.414 
12 707.7703 347.43277 
13 678.0 290.0 
14 678.0 290.0 
15 678.0 290.0 
16 678.0 290.0 
0 677.0 290.0 
1 677.0 290.0 
2 677.0 290.0 
3 677.0 290.0 
4 677.0 290.0 
5 700.4281 302.9312 
6 721.27985 305.02927 
7 677.0 290.0 
8 731.92834 326.09006 
9 677.0 290.0 
10 677.0 290.0 
11 690.73645 345.9906 
12 708.1437 349.02365 
13 677.0 290.0 
14 677.0 290.0 
15 677.0 290.0 
16 677.0 290.0 
0 677.0 290.0 
1 677.0 290.0 
2 677.0 290.0 
3 677.0 290.0 
4 677.0 290.0 
5 701.5751 304.14157 
6 722.59326 307.13864 
7 677.0 290.0 
8 732.2655 326.12238 
9 677.0 290.0 
10 677.0 290.0 
11 692.2591 342.4998 
12 708.2832 344.80792 
13 677.0 290.0 
14 677.0 290.0 
15 677.0 290.0 
16 677.0 290.0 
0 677.0 290.0 
1 677.0 290.0 
2 677.0 290.0 
3 677.0 290.0 
4 677.0 290.0 
5 705.15564 303.95233 
6 725.1065 308.13504 
7 677.0 290.0 
8 732.82623 328.33588 
9 677.0 290.0 
10 677.0 290.0 
11 692.4692 340.31732 
12 708.7786 342.97314 
13 697.0381 368.63623 
14 712.32245 368.00858 
15 696.01654 391.51703 
16 709.49005 388.95007 
0 677.0 299.0 
1 677.0 299.0 
2 677.0 299.0 
3 677.0 299.0 
4 677.0 299.0 
5 706.35815 305.55365 
6 725.092 308.22543 
7 677.0 299.0 
8 733.77026 329.1325 
9 677.0 299.0 
10 677.0 299.0 
11 691.4706 339.10306 
12 707.6489 342.07654 
13 692.9105 368.5189 
14 711.2788 366.5795 
15 677.0 299.0 
16 708.0962 388.12985 
0 668.0 299.0 
1 668.0 299.0 
2 668.0 299.0 
3 668.0 299.0 
4 668.0 299.0 
5 706.64594 306.13562 
6 725.9989 308.88235 
7 668.0 299.0 
8 732.8314 329.55283 
9 668.0 299.0 
10 668.0 299.0 
11 689.7621 337.072 
12 705.5851 341.01678 
13 688.85645 368.32162 
14 711.3409 366.41638 
15 668.0 299.0 
16 708.10315 388.17416 
0 667.0 299.0 
1 667.0 299.0 
2 667.0 299.0 
3 667.0 299.0 
4 667.0 299.0 
5 710.02496 305.89807 
6 727.75275 309.7726 
7 667.0 299.0 
8 733.0359 330.34644 
9 667.0 299.0 
10 667.0 299.0 
11 690.1961 336.1901 
12 705.59863 339.99988 
13 687.16864 368.68616 
14 710.97675 367.14368 
15 667.0 299.0 
16 667.0 299.0 
0 666.0 299.0 
1 666.0 299.0 
2 666.0 299.0 
3 666.0 299.0 
4 666.0 299.0 
5 709.62683 307.4252 
6 729.3525 313.0798 
7 666.0 299.0 
8 733.8888 332.23474 
9 666.0 299.0 
10 666.0 299.0 
11 689.8588 334.0992 
12 703.908 339.1806 
13 687.70636 361.07245 
14 712.8177 363.19162 
15 676.8382 383.85056 
16 708.7469 387.79013 
0 666.0 300.0 
1 666.0 300.0 
2 666.0 300.0 
3 666.0 300.0 
4 666.0 300.0 
5 710.6314 307.87366 
6 728.99756 313.04114 
7 666.0 300.0 
8 733.33295 332.92615 
9 666.0 300.0 
10 666.0 300.0 
11 689.4144 333.42157 
12 704.6549 338.8181 
13 687.1837 360.99286 
14 712.3644 363.11057 
15 675.6706 383.0866 
16 708.2918 387.72998 
0 666.0 300.0 
1 666.0 300.0 
2 666.0 300.0 
3 666.0 300.0 
4 666.0 300.0 
5 711.76556 308.68262 
6 728.1619 314.7746 
7 666.0 300.0 
8 732.83624 333.4165 
9 666.0 300.0 
10 666.0 300.0 
11 689.71094 333.3747 
12 703.57117 338.9497 
13 685.46045 359.4423 
14 713.03107 360.77072 
15 673.60065 380.84622 
16 708.494 387.6035 
0 666.0 301.0 
1 666.0 301.0 
2 666.0 301.0 
3 666.0 301.0 
4 666.0 301.0 
5 712.7434 310.08835 
6 728.91895 316.34912 
7 666.0 301.0 
8 732.51996 334.60468 
9 666.0 301.0 
10 666.0 301.0 
11 689.233 333.6693 
12 702.8561 339.53925 
13 684.84143 359.86975 
14 713.63855 360.24057 
15 672.9961 380.98306 
16 708.0065 387.8073 
0 666.0 302.0 
1 666.0 302.0 
2 666.0 302.0 
3 666.0 302.0 
4 666.0 302.0 
5 714.0112 310.65356 
6 728.31964 317.205 
7 666.0 302.0 
8 732.18805 335.57672 
9 666.0 302.0 
10 666.0 302.0 
11 689.26526 334.02075 
12 701.8098 340.0036 
13 686.00995 360.86365 
14 714.046 360.72632 
15 673.80884 381.12622 
16 708.151 387.0869 
0 666.0 302.0 
1 666.0 302.0 
2 666.0 302.0 
3 666.0 302.0 
4 666.0 302.0 
5 713.7013 311.82196 
6 727.18933 317.06485 
7 666.0 302.0 
8 731.9176 336.0059 
9 666.0 302.0 
10 666.0 302.0 
11 689.064 335.27362 
12 700.60693 340.91467 
13 686.3348 361.5721 
14 714.2342 360.9516 
15 673.7905 381.62903 
16 708.4427 386.69724 
0 666.0 303.0 
1 666.0 303.0 
2 666.0 303.0 
3 666.0 303.0 
4 666.0 303.0 
5 714.22675 312.80905 
6 728.041 318.39215 
7 666.0 303.0 
8 731.701 336.73373 
9 666.0 303.0 
10 666.0 303.0 
11 689.4634 335.83615 
12 700.34143 340.9776 
13 688.66473 362.4653 
14 714.9684 362.55704 
15 674.7029 383.16806 
16 709.8975 386.90512 
0 667.0 303.0 
1 667.0 303.0 
2 667.0 303.0 
3 667.0 303.0 
4 667.0 303.0 
5 713.91614 313.11703 
6 726.4359 318.21738 
7 667.0 303.0 
8 731.3114 338.9583 
9 667.0 303.0 
10 667.0 303.0 
11 688.4833 337.14874 
12 699.2928 342.12854 
13 686.1717 363.10083 
14 716.077 359.69907 
15 672.8246 382.90033 
16 709.7338 386.56274 
0 667.0 303.0 
1 667.0 303.0 
2 667.0 303.0 
3 667.0 303.0 
4 667.0 303.0 
5 714.16077 313.69833 
6 726.74554 319.42706 
7 667.0 303.0 
8 731.8533 340.0841 
9 667.0 303.0 
10 667.0 303.0 
11 688.3442 337.9369 
12 698.6871 342.86182 
13 685.46136 363.98322 
14 716.2099 359.0982 
15 672.9071 383.065 
16 709.6213 386.6427 
0 667.0 304.0 
1 667.0 304.0 
2 667.0 304.0 
3 667.0 304.0 
4 667.0 304.0 
5 714.75134 314.04047 
6 726.3642 320.49283 
7 667.0 304.0 
8 731.4189 340.50278 
9 667.0 304.0 
10 740.36017 333.32455 
11 688.20984 338.52597 
12 698.94324 342.6142 
13 685.72687 364.61096 
14 716.3788 361.39005 
15 673.2389 383.11743 
16 709.5234 387.25687 
0 667.0 304.0 
1 667.0 304.0 
2 667.0 304.0 
3 667.0 304.0 
4 667.0 304.0 
5 713.90955 315.56747 
6 726.8826 320.97375 
7 667.0 304.0 
8 730.70654 341.19275 
9 667.0 304.0 
10 667.0 304.0 
11 688.3279 339.53436 
12 699.25085 343.033 
13 688.8993 368.23834 
14 716.7481 360.4397 
15 667.0 304.0 
16 709.1642 387.17676 
0 667.0 304.0 
1 667.0 304.0 
2 667.0 304.0 
3 667.0 304.0 
4 667.0 304.0 
5 715.9543 316.22003 
6 727.1877 321.45572 
7 667.0 304.0 
8 730.70825 343.53714 
9 667.0 304.0 
10 667.0 304.0 
11 689.9856 341.2938 
12 698.66473 344.19867 
13 691.3451 370.0963 
14 716.3163 361.29834 
15 667.0 304.0 
16 709.5731 387.2182 
0 667.0 305.0 
1 667.0 305.0 
2 667.0 305.0 
3 667.0 305.0 
4 736.3774 323.06952 
5 717.7142 316.79126 
6 727.2071 323.031 
7 667.0 305.0 
8 730.70844 344.05453 
9 667.0 305.0 
10 667.0 305.0 
11 690.447 342.2309 
12 698.63666 346.00955 
13 691.246 371.20486 
14 716.9538 361.97623 
15 667.0 305.0 
16 709.7695 387.0218 
0 667.0 305.0 
1 667.0 305.0 
2 667.0 305.0 
3 667.0 305.0 
4 667.0 305.0 
5 716.66205 317.75876 
6 727.03735 324.6641 
7 667.0 305.0 
8 730.8259 345.70438 
9 667.0 305.0 
10 740.1636 338.06982 
11 689.24335 342.83032 
12 698.6827 346.63763 
13 667.0 305.0 
14 717.12744 362.30664 
15 667.0 305.0 
16 709.41223 387.1538 
0 668.0 306.0 
1 668.0 306.0 
2 668.0 306.0 
3 668.0 306.0 
4 668.0 306.0 
5 716.9114 319.04025 
6 725.4689 325.18118 
7 668.0 306.0 
8 730.20154 346.7798 
9 668.0 306.0 
10 740.28876 340.87762 
11 693.25604 345.26666 
12 699.38403 349.33243 
13 668.0 306.0 
14 717.54956 362.9809 
15 668.0 306.0 
16 709.64984 386.83112 
0 668.0 314.0 
1 668.0 314.0 
2 668.0 314.0 
3 668.0 314.0 
4 668.0 314.0 
5 716.0761 319.35724 
6 725.52637 325.7568 
7 668.0 314.0 
8 730.4754 348.03207 
9 668.0 314.0 
10 739.2335 343.93427 
11 690.25214 345.83405 
12 699.1621 350.38083 
13 668.0 314.0 
14 719.1212 362.10226 
15 668.0 314.0 
16 709.4075 386.7922 
0 668.0 315.0 
1 668.0 315.0 
2 668.0 315.0 
3 668.0 315.0 
4 668.0 315.0 
5 715.8596 320.12497 
6 724.59204 325.7788 
7 668.0 315.0 
8 730.08154 349.2053 
9 668.0 315.0 
10 668.0 315.0 
11 690.52124 348.2527 
12 698.28705 352.96265 
13 668.0 315.0 
14 719.85846 362.3944 
15 668.0 315.0 
16 709.8598 386.23502 
0 668.0 316.0 
1 668.0 316.0 
2 668.0 316.0 
3 668.0 316.0 
4 668.0 316.0 
5 716.0778 321.53952 
6 723.7414 326.59314 
7 668.0 316.0 
8 730.65717 350.4937 
9 668.0 316.0 
10 668.0 316.0 
11 691.6465 350.34988 
12 698.5534 354.27173 
13 668.0 316.0 
14 720.0049 362.49725 
15 668.0 316.0 
16 708.65546 386.438 
0 668.0 316.0 
1 668.0 316.0 
2 668.0 316.0 
3 668.0 316.0 
4 668.0 316.0 
5 713.0903 323.79327 
6 722.73175 328.07608 
7 668.0 316.0 
8 730.8916 354.32336 
9 668.0 316.0 
10 668.0 316.0 
11 690.302 353.3771 
12 699.42896 356.1621 
13 668.0 316.0 
14 721.689 361.27155 
15 668.0 316.0 
16 709.6532 385.85904 
0 669.0 317.0 
1 669.0 317.0 
2 669.0 317.0 
3 669.0 317.0 
4 669.0 317.0 
5 714.0576 323.52042 
6 724.4476 329.03265 
7 669.0 317.0 
8 729.5096 354.01947 
9 669.0 317.0 
10 741.27454 361.5214 
11 689.4579 355.02637 
12 699.8012 358.34314 
13 669.0 317.0 
14 722.38666 362.1492 
15 669.0 317.0 
16 709.1939 385.29694 
0 670.0 318.0 
1 670.0 318.0 
2 670.0 318.0 
3 670.0 318.0 
4 670.0 318.0 
5 712.9643 326.2029 
6 722.51013 331.88947 
7 670.0 318.0 
8 728.3789 353.36374 
9 670.0 318.0 
10 736.8747 363.66608 
11 689.0416 357.82944 
12 699.38385 361.6982 
13 670.0 318.0 
14 723.0725 363.88004 
15 670.0 318.0 
16 708.4691 385.87643 
0 670.0 319.0 
1 670.0 319.0 
2 670.0 319.0 
3 670.0 319.0 
4 670.0 319.0 
5 711.6825 326.4908 
6 722.70526 332.7953 
7 670.0 319.0 
8 728.524 356.07523 
9 670.0 319.0 
10 736.85583 367.9255 
11 688.262 364.08826 
12 700.0 368.72543 
13 670.0 319.0 
14 725.8444 361.4299 
15 670.0 319.0 
16 709.8891 384.59546 
0 671.0 320.0 
1 671.0 320.0 
2 671.0 320.0 
3 671.0 320.0 
4 671.0 320.0 
5 710.6462 327.2246 
6 721.98663 334.21503 
7 671.0 320.0 
8 729.0353 359.0981 
9 671.0 320.0 
10 735.3142 370.66263 
11 689.3771 368.22433 
12 700.6472 373.0873 
13 671.0 320.0 
14 728.6065 361.66116 
15 671.0 320.0 
16 709.274 385.62122 
0 669.0 319.0 
1 669.0 319.0 
2 669.0 319.0 
3 669.0 319.0 
4 669.0 319.0 
5 710.38403 328.6776 
6 722.31335 335.70105 
7 669.0 319.0 
8 727.96826 361.22287 
9 669.0 319.0 
10 735.20575 373.15137 
11 691.1159 372.07632 
12 703.2662 377.21207 
13 669.0 319.0 
14 729.0175 363.18668 
15 669.0 319.0 
16 669.0 319.0 
0 668.0 320.0 
1 668.0 320.0 
2 668.0 320.0 
3 668.0 320.0 
4 668.0 320.0 
5 710.4932 331.45203 
6 720.59564 337.40042 
7 668.0 320.0 
8 727.9575 362.9277 
9 668.0 320.0 
10 734.6046 375.76373 
11 692.3231 374.22565 
12 703.78503 379.1253 
13 668.0 320.0 
14 727.96844 365.3595 
15 668.0 320.0 
16 668.0 320.0 
0 668.0 321.0 
1 668.0 321.0 
2 668.0 321.0 
3 668.0 321.0 
4 668.0 321.0 
5 707.67456 332.4922 
6 720.2331 338.13605 
7 668.0 321.0 
8 727.83984 365.824 
9 668.0 321.0 
10 733.986 380.13687 
11 695.2236 380.3978 
12 708.1835 384.6096 
13 668.0 321.0 
14 668.0 321.0 
15 668.0 321.0 
16 668.0 321.0 
0 668.0 321.0 
1 668.0 321.0 
2 668.0 321.0 
3 668.0 321.0 
4 668.0 321.0 
5 705.8851 333.9843 
6 720.21014 338.66315 
7 668.0 321.0 
8 728.1886 367.32184 
9 668.0 321.0 
10 733.4562 381.22852 
11 695.5319 381.80585 
12 709.3736 387.48682 
13 668.0 321.0 
14 668.0 321.0 
15 668.0 321.0 
16 668.0 321.0 
0 667.0 321.0 
1 667.0 321.0 
2 667.0 321.0 
3 667.0 321.0 
4 726.2507 337.2156 
5 707.1975 336.31653 
6 721.4853 344.5739 
7 667.0 321.0 
8 727.03394 368.88184 
9 667.0 321.0 
10 732.7108 382.8198 
11 695.54156 382.75964 
12 710.51227 387.96158 
13 667.0 321.0 
14 667.0 321.0 
15 667.0 321.0 
16 667.0 321.0 
0 667.0 322.0 
1 667.0 322.0 
2 667.0 322.0 
3 667.0 322.0 
4 667.0 322.0 
5 704.9855 339.585 
6 720.1817 344.05698 
7 667.0 322.0 
8 728.17206 370.40558 
9 667.0 322.0 
10 733.09827 385.91608 
11 696.4439 384.40936 
12 711.17346 387.8502 
13 667.0 322.0 
14 667.0 322.0 
15 667.0 322.0 
16 667.0 322.0 
0 805.0 326.0 
1 805.0 326.0 
2 805.0 326.0 
3 805.0 326.0 
4 805.0 326.0 
5 839.02606 348.29626 
6 862.6432 350.87573 
7 825.26636 357.7203 
8 805.0 326.0 
9 805.0 326.0 
10 805.0 326.0 
11 834.22644 381.06924 
12 852.3235 384.27722 
13 805.0 326.0 
14 805.0 326.0 
15 805.0 326.0 
16 805.0 326.0 
0 668.0 323.0 
1 668.0 323.0 
2 668.0 323.0 
3 668.0 323.0 
4 668.0 323.0 
5 706.51514 342.5406 
6 720.64905 347.92578 
7 668.0 323.0 
8 729.38666 370.811 
9 668.0 323.0 
10 733.3211 387.0058 
11 697.17786 386.7895 
12 711.5192 390.61246 
13 668.0 323.0 
14 668.0 323.0 
15 668.0 323.0 
16 668.0 323.0 
0 797.0 326.0 
1 797.0 326.0 
2 797.0 326.0 
3 797.0 326.0 
4 797.0 326.0 
5 838.73645 348.88934 
6 862.3947 350.9504 
7 826.83093 360.01022 
8 866.045 362.5394 
9 797.0 326.0 
10 797.0 326.0 
11 834.66315 380.57642 
12 852.8675 382.65515 
13 797.0 326.0 
14 797.0 326.0 
15 797.0 326.0 
16 797.0 326.0 
0 798.0 327.0 
1 798.0 327.0 
2 798.0 327.0 
3 798.0 327.0 
4 798.0 327.0 
5 839.72644 350.50555 
6 862.938 353.39795 
7 826.1256 361.71658 
8 866.8699 365.9437 
9 798.0 327.0 
10 798.0 327.0 
11 834.95056 381.97577 
12 853.0328 384.31262 
13 798.0 327.0 
14 798.0 327.0 
15 798.0 327.0 
16 798.0 327.0 
0 668.0 324.0 
1 668.0 324.0 
2 668.0 324.0 
3 668.0 324.0 
4 668.0 324.0 
5 704.43945 345.80075 
6 720.8868 350.53152 
7 668.0 324.0 
8 729.9605 373.74597 
9 668.0 324.0 
10 668.0 324.0 
11 698.0948 389.1922 
12 712.65533 392.9605 
13 668.0 324.0 
14 668.0 324.0 
15 668.0 324.0 
16 668.0 324.0 
0 798.0 328.0 
1 798.0 328.0 
2 798.0 328.0 
3 798.0 328.0 
4 798.0 328.0 
5 840.07263 352.01266 
6 863.4031 354.92657 
7 824.3217 365.05093 
8 867.08575 368.93127 
9 798.0 328.0 
10 798.0 328.0 
11 836.2972 382.10345 
12 853.1579 384.6366 
13 798.0 328.0 
14 798.0 328.0 
15 798.0 328.0 
16 798.0 328.0 
0 798.0 330.0 
1 798.0 330.0 
2 798.0 330.0 
3 798.0 330.0 
4 798.0 330.0 
5 840.62244 354.5248 
6 864.2976 357.1957 
7 824.2778 365.9728 
8 798.0 330.0 
9 798.0 330.0 
10 798.0 330.0 
11 835.6232 383.31766 
12 853.83844 385.14316 
13 798.0 330.0 
14 798.0 330.0 
15 798.0 330.0 
16 798.0 330.0 
