fall
598.0 202.0 
598.0 202.0 
598.0 202.0 
660.666 237.82202 
702.6853 233.17172 
639.3778 280.2941 
719.959 276.57977 
615.3599 342.8294 
753.0869 331.7619 
638.9755 367.97595 
743.6112 373.784 
657.76965 378.21576 
713.65186 379.7173 
670.4686 456.7766 
725.15155 451.40472 
674.74316 538.6542 
730.57263 535.83234 
597.0 201.0 
597.0 201.0 
597.0 201.0 
658.7697 237.19049 
702.96826 234.5461 
638.3634 280.36462 
718.42566 277.11963 
614.1386 343.68542 
751.9635 335.57532 
638.3729 369.74658 
742.12537 374.20905 
658.11414 385.02762 
713.14874 378.83395 
668.91254 457.61218 
724.0003 452.84985 
674.53094 539.6438 
729.7201 534.68207 
596.0 200.0 
596.0 200.0 
596.0 200.0 
657.2289 237.64793 
700.8995 233.97559 
637.7624 279.5929 
717.51984 275.9248 
612.9317 341.3908 
750.83545 336.72153 
634.8814 366.50967 
739.61774 374.67987 
656.02795 381.77478 
710.78723 374.6621 
669.9362 458.64066 
722.8286 450.27365 
673.98615 538.15985 
729.0327 530.2981 
595.0 199.0 
595.0 199.0 
595.0 199.0 
657.2544 238.1759 
700.858 234.58847 
637.38116 279.11456 
716.28143 275.98016 
612.5905 339.89612 
748.20337 337.0769 
636.45105 363.26276 
740.1933 373.7301 
654.2293 378.80536 
712.073 371.5102 
669.35297 459.6867 
723.4721 451.6958 
673.8369 537.8342 
729.40155 530.96967 
595.0 198.0 
595.0 198.0 
595.0 198.0 
656.81244 236.66515 
698.22626 233.67633 
636.4568 279.14926 
715.87085 276.7375 
611.8436 340.8471 
748.03516 333.44086 
638.2144 362.52066 
741.6399 372.50092 
655.7411 381.5301 
710.4177 375.07892 
668.8667 463.07608 
722.64124 451.5454 
674.2692 537.8165 
728.6867 533.0178 
594.0 198.0 
594.0 198.0 
594.0 198.0 
656.7035 238.13538 
699.0006 234.9951 
636.12976 280.15338 
715.8759 279.1352 
612.61646 337.1174 
747.1521 336.3456 
636.225 361.86832 
741.38605 373.4492 
655.92444 381.57446 
713.095 376.83765 
669.0755 460.49292 
722.6251 450.4172 
673.9161 538.37744 
729.38745 532.5076 
594.0 198.0 
594.0 198.0 
594.0 198.0 
655.8334 238.29706 
699.5241 235.54158 
635.96533 279.99475 
716.0463 278.57364 
611.7574 337.4771 
746.7682 336.04785 
637.643 360.44788 
741.3359 372.28223 
655.0299 382.5827 
712.79956 380.6517 
667.94305 462.37863 
723.11816 450.38458 
674.1677 538.9574 
730.3906 531.87524 
594.0 198.0 
594.0 198.0 
594.0 198.0 
656.1811 238.13757 
699.9442 235.1001 
636.4838 278.69562 
717.3344 278.21692 
611.48206 334.52094 
746.5265 335.30035 
633.7762 355.4406 
740.7239 371.7459 
654.67334 376.37427 
711.8681 375.22534 
667.3149 455.55737 
723.563 449.6884 
674.06573 540.0273 
730.8583 532.4686 
594.0 197.0 
594.0 197.0 
594.0 197.0 
657.68207 236.79199 
699.91296 232.89136 
637.5728 278.4595 
717.2118 277.1061 
611.9622 334.03113 
749.52875 339.16867 
637.8397 352.88712 
737.61066 376.63065 
656.0761 380.17883 
713.7466 378.5174 
667.66437 456.9251 
723.81714 449.34406 
674.57965 537.8901 
731.9786 530.7395 
595.0 198.0 
595.0 198.0 
595.0 198.0 
660.65894 236.38194 
701.3586 234.4209 
639.48553 278.34018 
718.73047 277.72217 
612.6639 331.62656 
752.0749 338.4279 
643.7969 352.65283 
738.5196 374.73013 
656.40625 377.16943 
713.073 375.88843 
669.0795 456.5618 
723.8427 447.61923 
674.4201 536.34985 
733.3298 529.3981 
596.0 198.0 
596.0 198.0 
596.0 198.0 
661.1487 237.58455 
703.181 235.34505 
641.8624 277.797 
720.098 277.4757 
613.764 328.87128 
753.27454 340.1595 
649.28827 350.31168 
738.11566 373.95154 
659.8178 382.58957 
714.5433 376.69696 
669.36475 458.7499 
724.7765 449.1924 
674.5745 537.6583 
733.2219 529.2926 
597.0 197.0 
597.0 197.0 
597.0 197.0 
661.3966 238.52327 
702.71216 235.14317 
643.2046 278.0429 
723.3055 278.08673 
615.7708 327.2409 
755.0519 339.3234 
648.2579 341.1541 
735.6072 374.961 
659.0502 381.5465 
715.69995 374.40863 
669.08887 455.73755 
725.0878 447.99847 
674.5709 537.396 
732.8968 529.35095 
599.0 197.0 
599.0 197.0 
599.0 197.0 
662.85504 237.98315 
704.1191 233.48755 
646.94226 276.73108 
723.48 274.75372 
619.83777 324.88214 
757.537 335.49786 
599.0 197.0 
739.96497 372.4955 
662.14825 376.4535 
719.0226 375.76727 
670.004 457.9855 
724.8475 448.4706 
674.8422 537.8843 
733.52344 525.4557 
602.0 197.0 
602.0 197.0 
602.0 197.0 
664.7485 236.2519 
705.8797 232.21416 
649.71313 275.3466 
725.3296 274.54834 
624.16016 323.07285 
757.70374 336.7876 
602.0 197.0 
739.4524 373.14056 
665.28107 379.01627 
720.01697 381.60773 
669.9354 457.69675 
724.3798 448.8357 
675.42944 537.72107 
734.0227 525.27905 
604.0 197.0 
604.0 197.0 
604.0 197.0 
666.8235 236.01689 
707.01794 234.03983 
653.4524 275.2049 
730.0804 276.05133 
626.99536 324.42065 
760.6433 338.3452 
604.0 197.0 
740.8488 370.44995 
672.39435 387.45435 
724.12195 381.00848 
671.1866 460.71365 
724.28613 447.9143 
674.5115 537.3756 
733.17993 525.0782 
609.0 196.0 
609.0 196.0 
609.0 196.0 
670.40814 235.05995 
709.689 232.93175 
658.3906 275.45203 
734.6599 277.73407 
630.3188 324.27228 
761.5167 341.24786 
609.0 196.0 
738.933 370.66058 
671.13727 388.00183 
725.02576 382.38974 
671.88574 458.50085 
724.8652 450.16165 
674.1808 536.3501 
732.4889 526.83545 
619.0 195.0 
619.0 195.0 
619.0 195.0 
672.4526 234.93721 
713.12787 233.8547 
661.96014 273.69196 
737.32806 276.4103 
633.67163 321.47104 
762.7681 341.16473 
665.41534 330.06555 
739.1201 368.4818 
674.0377 377.6283 
725.94476 378.63403 
672.1849 453.58667 
725.81915 452.01804 
674.7314 533.3843 
733.1202 524.1798 
621.0 194.0 
621.0 194.0 
621.0 194.0 
675.7337 233.16766 
715.80634 231.34216 
667.0448 271.28476 
740.83203 274.20422 
637.2262 320.34247 
764.3928 338.05914 
670.3605 332.791 
741.421 366.0335 
679.7533 378.74854 
730.79517 378.31937 
673.9054 452.7273 
726.88635 449.35028 
672.06134 529.12646 
733.18805 526.0021 
623.0 193.0 
623.0 193.0 
623.0 193.0 
679.9841 232.05238 
717.62604 230.27554 
670.8768 269.5346 
742.7311 273.44766 
640.8153 318.36792 
766.0773 336.1587 
623.0 193.0 
742.1592 364.08337 
681.3843 382.82147 
731.99524 379.89038 
673.8595 449.53122 
727.32245 448.55627 
672.49854 525.52954 
732.14996 524.2506 
624.0 192.0 
624.0 192.0 
624.0 192.0 
681.00037 231.15747 
719.84015 229.75963 
673.4031 268.7276 
744.68317 273.1784 
642.8166 316.23633 
766.9253 334.7364 
624.0 192.0 
624.0 192.0 
680.64276 380.5744 
733.86383 375.49408 
672.97754 443.2559 
728.3148 447.02478 
673.0308 520.5267 
733.4974 524.46027 
624.0 199.0 
624.0 199.0 
624.0 199.0 
684.3928 232.7674 
722.87744 232.98969 
675.20764 267.76965 
746.6691 272.86188 
646.33185 316.3003 
765.8068 329.81372 
624.0 199.0 
624.0 199.0 
682.385 375.50665 
734.2283 374.34912 
671.98254 443.9292 
729.3048 446.98822 
673.50214 517.96484 
733.1494 524.0514 
631.0 198.0 
631.0 198.0 
631.0 198.0 
685.53424 232.6414 
726.43304 233.72162 
678.1852 267.52667 
748.11066 273.36823 
646.9019 314.7423 
765.73096 326.52783 
631.0 198.0 
631.0 198.0 
685.00037 375.05365 
735.9394 376.7782 
672.05835 440.3921 
731.2496 446.99213 
674.6774 514.5749 
734.3785 525.4806 
631.0 197.0 
631.0 197.0 
631.0 197.0 
687.9385 233.33945 
631.0 197.0 
679.4603 266.04486 
748.6709 272.9895 
650.209 315.61792 
764.0918 319.28125 
631.0 197.0 
631.0 197.0 
686.63226 373.49863 
736.9448 375.26334 
671.51196 437.56458 
730.57495 446.77563 
675.6317 513.12244 
734.2719 524.9145 
630.0 197.0 
630.0 197.0 
630.0 197.0 
688.1281 233.09454 
726.3076 234.27057 
681.43256 266.67303 
751.212 273.6369 
650.90594 312.39114 
760.8081 322.05682 
630.0 197.0 
630.0 197.0 
687.4254 371.79468 
738.1301 374.75394 
672.33954 438.05075 
731.01385 445.0686 
676.44055 513.0332 
733.46783 524.73987 
629.0 197.0 
629.0 197.0 
629.0 197.0 
688.91736 232.94086 
727.2123 233.28143 
681.4899 265.59296 
751.2092 273.7699 
650.4058 310.73257 
757.95184 321.18378 
629.0 197.0 
629.0 197.0 
686.7567 366.3179 
735.6983 368.0763 
672.85376 437.5295 
729.641 443.3871 
677.22766 515.047 
732.7559 524.3525 
627.0 197.0 
627.0 197.0 
627.0 197.0 
689.2355 231.84242 
627.0 197.0 
682.0714 263.9419 
749.4078 271.6681 
653.22943 310.93314 
757.26135 321.34515 
646.9753 297.72272 
627.0 197.0 
686.8738 365.00665 
734.75653 368.27606 
673.26874 436.92383 
730.25757 443.1939 
678.08606 516.1786 
732.65857 523.6348 
635.0 197.0 
635.0 197.0 
635.0 197.0 
687.4037 231.97148 
725.0044 233.67963 
680.8283 265.05 
748.1225 270.4054 
653.5049 313.0649 
635.0 197.0 
645.28906 294.3192 
635.0 197.0 
688.30493 364.2951 
736.401 369.5505 
674.3625 437.507 
730.8848 440.5625 
677.8418 519.933 
733.2704 524.772 
633.0 197.0 
633.0 197.0 
633.0 197.0 
686.48157 231.2408 
723.283 234.27533 
678.97565 265.49878 
745.17426 270.75647 
654.7664 312.96857 
750.666 320.61572 
644.26025 293.7561 
633.0 197.0 
687.1394 369.15582 
733.90265 368.48737 
675.5423 440.7995 
729.8564 442.03485 
677.3572 520.3673 
732.6669 524.12317 
632.0 197.0 
632.0 197.0 
632.0 197.0 
685.0635 232.6359 
722.57367 235.3517 
677.11005 265.56616 
742.08746 270.1623 
654.3148 314.94336 
750.95435 317.60336 
642.98676 293.49817 
632.0 197.0 
686.8538 365.7657 
731.7076 366.98175 
677.07733 441.65204 
729.8239 441.7397 
677.4702 519.5224 
733.7381 518.6858 
631.0 196.0 
631.0 196.0 
631.0 196.0 
684.5623 231.25883 
720.9227 233.79306 
676.3333 264.37103 
740.2809 270.12433 
652.14166 312.5864 
750.49805 317.41583 
641.45856 299.03003 
631.0 196.0 
686.19464 363.65732 
730.4066 363.5315 
676.53613 441.26004 
729.9892 440.04752 
677.2208 519.2109 
734.5192 515.88855 
630.0 196.0 
630.0 196.0 
630.0 196.0 
682.75006 233.26022 
720.7117 238.03494 
674.07587 265.85712 
739.43713 272.04138 
651.28845 314.86328 
752.819 316.93134 
640.77814 297.65726 
630.0 196.0 
684.71246 364.16913 
729.0979 363.6364 
674.3364 440.30743 
729.9094 434.0888 
677.2799 520.40393 
736.63293 508.6492 
621.0 197.0 
621.0 197.0 
621.0 197.0 
682.8808 233.14111 
720.6362 236.43814 
672.6958 266.55878 
740.6874 271.67603 
652.08484 317.48346 
750.31836 324.84048 
639.39343 300.82404 
621.0 197.0 
682.24725 368.6936 
728.44507 368.54224 
674.36914 443.12744 
730.4178 431.53442 
677.5936 520.0838 
737.81 506.20956 
621.0 197.0 
621.0 197.0 
621.0 197.0 
683.7041 234.6557 
621.0 197.0 
672.9182 267.03024 
740.8393 271.34055 
650.137 316.58875 
748.2095 323.94916 
639.33154 300.29373 
621.0 197.0 
682.5533 367.55466 
729.33295 366.31815 
673.61865 442.6798 
730.34656 430.40228 
677.06885 520.57666 
739.7221 502.25473 
622.0 197.0 
622.0 197.0 
622.0 197.0 
682.9101 232.78134 
622.0 197.0 
671.7028 267.6389 
741.70856 272.33673 
650.853 320.14716 
749.64624 324.5636 
641.1711 300.96786 
622.0 197.0 
682.58276 368.91205 
729.89453 366.98917 
675.2101 443.03122 
730.8738 431.7167 
677.2848 519.85596 
741.11035 503.9516 
631.0 197.0 
631.0 197.0 
631.0 197.0 
684.7163 234.50685 
723.68274 238.85332 
674.144 267.1527 
743.6195 273.0068 
649.26135 318.2946 
753.6178 322.39825 
631.0 197.0 
631.0 197.0 
685.4847 368.9798 
732.1241 370.87592 
676.39667 441.0115 
731.6974 430.94376 
677.494 520.22516 
741.34204 506.49533 
632.0 197.0 
632.0 197.0 
632.0 197.0 
684.92834 233.88138 
723.9303 236.98544 
675.4727 267.64062 
745.4988 273.2677 
651.3623 318.33 
752.9052 324.48126 
632.0 197.0 
632.0 197.0 
686.2376 370.0605 
732.2699 372.3968 
676.3533 443.23462 
732.16986 434.88626 
677.6315 519.9601 
740.1867 504.58707 
634.0 197.0 
634.0 197.0 
634.0 197.0 
686.4889 234.4079 
634.0 197.0 
677.7101 266.50546 
747.634 273.22513 
652.888 317.26114 
752.8105 324.13672 
634.0 197.0 
634.0 197.0 
687.4541 367.1716 
735.4885 369.84814 
676.6949 441.64838 
732.88 435.88177 
677.0051 520.37134 
740.5432 505.41986 
628.0 197.0 
628.0 197.0 
628.0 197.0 
688.2539 235.03537 
628.0 197.0 
678.31683 266.9618 
747.9529 272.04987 
655.40454 317.35458 
755.76685 322.81503 
628.0 197.0 
628.0 197.0 
688.53754 367.71637 
734.9895 366.89832 
677.2848 440.86154 
733.3426 433.94965 
677.1557 518.5665 
740.9342 506.30414 
630.0 204.0 
630.0 204.0 
630.0 204.0 
688.50555 236.11841 
630.0 204.0 
679.12683 267.6306 
748.3038 272.2173 
655.52826 316.11288 
757.115 326.742 
630.0 204.0 
630.0 204.0 
689.3821 367.06042 
736.7211 367.675 
678.78394 438.5254 
733.21857 433.84106 
677.3411 515.1322 
740.75964 504.89346 
631.0 203.0 
631.0 203.0 
631.0 203.0 
689.5829 236.07745 
631.0 203.0 
681.3603 266.19543 
748.5769 270.52066 
654.5514 312.17627 
758.6557 323.748 
631.0 203.0 
631.0 203.0 
690.96375 370.76712 
738.22107 367.81235 
678.25073 437.64774 
734.115 432.98657 
677.27515 511.6881 
740.6896 506.0427 
632.0 202.0 
632.0 202.0 
632.0 202.0 
690.52954 236.4781 
632.0 202.0 
681.0389 265.7941 
751.32294 270.06146 
655.1652 311.90805 
759.8088 322.133 
632.0 202.0 
632.0 202.0 
690.1693 370.84534 
740.04346 367.3422 
678.1535 436.0492 
735.01074 433.78503 
677.9313 510.75272 
740.5742 505.80905 
632.0 202.0 
632.0 202.0 
632.0 202.0 
691.8104 233.77747 
632.0 202.0 
681.4974 264.83624 
752.4794 269.19794 
656.6542 312.7999 
760.06335 321.98495 
632.0 202.0 
632.0 202.0 
691.8605 369.7559 
741.2893 365.16486 
678.66705 435.30518 
735.7504 434.51462 
678.3996 510.73148 
740.61505 505.57397 
633.0 202.0 
633.0 202.0 
633.0 202.0 
691.7621 234.44032 
732.09863 234.50899 
682.34454 265.45184 
753.55145 269.16092 
656.8112 313.07935 
762.29694 322.62122 
633.0 202.0 
633.0 202.0 
692.56323 363.75803 
741.6855 362.77136 
681.1058 437.52478 
736.3154 432.90704 
678.91797 512.9901 
740.3491 505.05496 
634.0 203.0 
634.0 203.0 
634.0 203.0 
691.9964 232.6389 
730.4311 231.54868 
681.7449 266.38324 
754.14935 269.36813 
655.8348 313.18723 
762.4304 321.77264 
634.0 203.0 
634.0 203.0 
692.38135 365.32074 
740.92993 364.08588 
681.95294 437.3343 
735.7486 431.2967 
680.61523 512.59717 
740.3342 505.6907 
633.0 203.0 
633.0 203.0 
633.0 203.0 
692.82996 232.11641 
731.5553 232.94371 
681.4148 265.6549 
755.42413 269.7671 
654.9799 312.21545 
762.2611 321.36682 
633.0 203.0 
633.0 203.0 
692.513 367.48975 
740.3836 365.84772 
684.08203 440.12524 
735.09937 432.64536 
681.0594 514.3522 
739.8364 506.30814 
634.0 202.0 
634.0 202.0 
634.0 202.0 
692.9033 233.21545 
634.0 202.0 
681.19006 265.8644 
754.94965 270.74756 
654.91315 311.84924 
763.05707 325.12506 
634.0 202.0 
634.0 202.0 
693.0334 368.51245 
740.21875 366.87195 
683.69226 440.14615 
734.6366 434.22827 
680.41376 514.98914 
740.3367 505.82227 
633.0 202.0 
633.0 202.0 
633.0 202.0 
693.0427 232.44034 
730.8968 231.49388 
680.5867 266.57285 
755.22784 270.39886 
654.56635 312.65005 
762.07837 322.63837 
633.0 202.0 
633.0 202.0 
693.4657 369.72598 
740.5025 366.89856 
682.65 439.07104 
735.04175 433.64893 
679.89246 511.56274 
739.78186 504.90942 
633.0 201.0 
633.0 201.0 
633.0 201.0 
692.7767 232.04884 
633.0 201.0 
681.32715 266.00854 
756.00287 269.66168 
654.22455 312.34067 
762.76794 321.15045 
633.0 201.0 
633.0 201.0 
691.26404 365.3865 
739.9261 365.6953 
681.41736 436.8117 
733.59424 432.72968 
679.0898 511.14584 
740.08154 504.92157 
633.0 200.0 
633.0 200.0 
633.0 200.0 
692.2338 232.1214 
633.0 200.0 
680.4947 265.7352 
754.27637 270.4851 
653.6476 312.88605 
762.0581 321.27075 
633.0 200.0 
633.0 200.0 
689.35443 366.21973 
739.25726 365.52243 
678.4917 434.9782 
732.88916 431.9154 
678.334 507.41132 
740.0231 503.71152 
632.0 199.0 
632.0 199.0 
632.0 199.0 
691.26996 235.08356 
632.0 199.0 
679.26587 266.80386 
754.8955 270.53833 
651.91113 312.26978 
760.4764 318.32285 
632.0 199.0 
632.0 199.0 
688.784 363.2221 
738.5427 363.72614 
676.82245 433.5551 
732.04846 431.71188 
675.0419 506.724 
740.92285 504.6845 
630.0 199.0 
630.0 199.0 
630.0 199.0 
689.03455 234.30687 
630.0 199.0 
676.3034 267.93744 
752.2963 271.42963 
650.9712 315.15567 
760.24695 317.59213 
630.0 199.0 
630.0 199.0 
686.6638 364.42575 
736.13904 362.79373 
675.6956 434.66418 
731.19824 429.7215 
670.79016 506.23782 
740.31244 504.2871 
628.0 200.0 
628.0 200.0 
628.0 200.0 
687.22986 234.96617 
724.64044 234.63635 
674.91785 267.77396 
748.20135 270.6786 
649.6142 316.55304 
758.7953 317.80002 
628.0 200.0 
628.0 200.0 
686.5991 367.16223 
735.27875 364.45343 
675.12445 435.08032 
729.8475 432.2694 
666.4324 509.01093 
739.5221 503.61765 
626.0 200.0 
626.0 200.0 
626.0 200.0 
685.2282 235.20573 
723.12476 235.08809 
672.5917 268.441 
746.6976 271.54694 
646.97076 313.6148 
756.6081 318.67703 
626.0 200.0 
626.0 200.0 
683.5781 366.40662 
733.3723 364.76648 
672.20294 438.29517 
729.3134 432.30902 
664.28326 509.43515 
739.72906 505.1198 
624.0 201.0 
624.0 201.0 
624.0 201.0 
683.8454 237.14592 
722.78265 239.07146 
669.9201 269.32645 
745.194 272.95056 
642.98035 313.59473 
752.96216 320.39633 
624.0 201.0 
624.0 201.0 
681.3641 367.51025 
732.4909 365.62704 
670.52893 439.37653 
728.2553 433.3379 
663.6325 510.97778 
740.23224 505.8267 
621.0 201.0 
621.0 201.0 
621.0 201.0 
680.5948 237.06805 
720.2654 238.05656 
667.38464 269.80872 
741.6896 272.59424 
641.32684 313.39224 
750.15 321.934 
664.4825 321.50552 
621.0 201.0 
679.95044 367.73553 
729.97974 364.64728 
668.9044 439.49762 
726.92957 433.4906 
663.30865 508.96765 
740.96356 504.4741 
619.0 202.0 
619.0 202.0 
619.0 202.0 
678.9572 238.12119 
716.83624 237.20512 
665.8589 269.91803 
740.80914 272.9027 
639.7335 315.16394 
747.62494 323.37036 
619.0 202.0 
619.0 202.0 
677.01935 371.9242 
727.69324 367.53442 
667.801 437.02814 
726.13776 434.09082 
664.0229 509.04202 
741.55725 504.6875 
618.0 202.0 
618.0 202.0 
618.0 202.0 
677.30774 236.61206 
715.71014 237.0981 
663.9574 270.49377 
738.71747 274.85217 
639.6544 317.56094 
745.8878 325.11566 
618.0 202.0 
618.0 202.0 
675.11847 368.0431 
725.8029 365.7774 
667.2002 437.1155 
725.52203 432.5072 
664.8239 509.7577 
741.7877 503.4633 
617.0 202.0 
617.0 202.0 
617.0 202.0 
675.9711 237.28223 
714.31415 237.67361 
662.8657 269.84888 
734.3081 274.19443 
637.32996 314.9123 
744.9141 324.53864 
617.0 202.0 
617.0 202.0 
674.0739 370.06262 
723.3767 367.56903 
667.0964 438.53552 
725.1275 431.26935 
663.629 510.41373 
741.21704 503.19626 
617.0 202.0 
617.0 202.0 
617.0 202.0 
673.87964 237.2594 
709.8274 235.39111 
661.3106 272.29373 
732.8065 274.63092 
635.8987 318.0494 
745.329 320.7418 
617.0 202.0 
617.0 202.0 
674.09143 371.91437 
723.3594 368.84937 
666.38495 439.80658 
725.22003 433.07068 
664.57776 508.7385 
741.2934 503.4896 
616.0 203.0 
616.0 203.0 
616.0 203.0 
672.1747 238.03203 
708.07965 236.79031 
660.6775 273.56085 
729.7832 273.3648 
634.55237 317.5202 
745.3298 317.079 
616.0 203.0 
616.0 203.0 
674.1632 369.5116 
724.18567 366.40524 
665.7626 441.364 
724.868 432.62656 
664.3035 508.2048 
741.1294 503.3891 
616.0 202.0 
616.0 202.0 
616.0 202.0 
671.92676 240.34204 
709.57947 239.88263 
657.1301 275.57834 
730.46045 275.24115 
632.9616 319.83197 
745.80255 315.67374 
616.0 202.0 
616.0 202.0 
671.91376 374.56824 
722.998 367.92725 
665.43976 439.601 
726.58514 433.97137 
663.5799 509.57602 
740.32074 502.77283 
615.0 202.0 
615.0 202.0 
615.0 202.0 
671.3973 242.77829 
710.1907 241.65306 
657.70435 278.01816 
732.36804 280.89548 
631.72736 320.73938 
744.57983 325.63684 
659.15875 329.12195 
615.0 202.0 
670.71704 378.23315 
723.1633 374.35553 
665.2577 441.11804 
726.37195 434.44562 
662.47437 509.2055 
740.42664 503.0952 
615.0 203.0 
615.0 203.0 
615.0 203.0 
670.5686 247.22574 
710.8692 245.98828 
654.9371 281.93448 
730.2926 281.97437 
631.6742 323.06848 
744.86926 326.95233 
658.244 333.63696 
615.0 203.0 
669.51117 379.37695 
722.7485 373.39032 
664.76227 442.02246 
726.5186 436.37592 
663.0747 507.98514 
739.82 502.9026 
615.0 213.0 
615.0 213.0 
615.0 213.0 
669.60345 249.31628 
709.99896 247.56122 
654.18933 285.129 
730.82745 284.6436 
630.9362 326.5773 
744.7365 331.87527 
657.4193 335.6068 
615.0 213.0 
670.06055 383.2478 
721.9264 378.03333 
664.74243 443.63312 
727.30316 438.45685 
661.0505 504.67966 
739.6361 500.79193 
615.0 214.0 
615.0 214.0 
615.0 214.0 
670.93066 252.20349 
714.8715 254.15565 
655.05743 286.94513 
730.56213 286.0676 
630.3043 327.9426 
746.1024 328.12735 
658.53613 340.27457 
615.0 214.0 
669.72626 381.93616 
722.672 377.268 
666.32574 444.43768 
729.3574 436.77747 
657.02216 502.45532 
738.74097 499.612 
616.0 224.0 
616.0 224.0 
616.0 224.0 
670.73944 254.9436 
714.6622 257.24567 
653.7112 291.33527 
729.67816 290.47806 
629.28577 331.41763 
746.44806 330.41498 
657.89685 342.1393 
616.0 224.0 
669.6637 380.39062 
723.26886 378.0849 
670.0377 443.84265 
731.3958 436.78354 
653.77 499.71848 
736.60425 496.6428 
616.0 226.0 
616.0 226.0 
616.0 226.0 
671.099 258.0687 
710.8762 257.52188 
653.5227 297.08856 
730.0497 295.25208 
628.8882 335.92957 
747.1526 339.3158 
656.45306 347.3447 
616.0 226.0 
669.6376 386.57648 
722.9739 379.97318 
674.3636 446.8463 
734.93304 439.25867 
651.4256 499.25058 
734.57947 497.22437 
616.0 228.0 
616.0 228.0 
616.0 228.0 
671.2591 264.20572 
710.67236 263.1906 
651.7111 301.8175 
726.99243 298.9455 
628.04865 339.8995 
746.57214 342.10098 
653.922 351.46506 
616.0 228.0 
668.6202 387.04016 
723.3474 382.89395 
676.31757 449.22058 
739.6608 438.9225 
650.54553 494.45438 
732.23804 497.3713 
617.0 239.0 
617.0 239.0 
617.0 239.0 
670.27155 272.09775 
714.0331 273.1277 
650.50366 306.62097 
726.4804 303.47382 
628.69635 343.4649 
745.8763 343.94525 
655.0435 357.2277 
617.0 239.0 
669.15796 395.54297 
723.08673 386.3197 
678.62885 459.22952 
742.66754 443.05646 
652.9206 488.964 
730.08325 493.99457 
617.0 241.0 
617.0 241.0 
617.0 241.0 
671.3397 274.79224 
712.2206 274.97043 
650.9245 314.16248 
725.41675 308.9843 
627.74194 349.13675 
745.89417 348.67493 
657.6097 364.66357 
617.0 241.0 
670.1863 404.27567 
721.6783 393.43903 
683.82556 462.03436 
744.36926 444.33252 
654.2951 487.61166 
727.9826 494.12408 
617.0 251.0 
617.0 251.0 
617.0 251.0 
672.6917 282.9131 
712.12994 284.93347 
649.9039 319.63422 
722.64087 315.6298 
626.8884 355.75082 
744.9555 353.3642 
653.98047 369.6129 
617.0 251.0 
669.72516 405.87506 
719.43677 403.4585 
687.9628 468.94174 
748.1577 448.31326 
654.68134 490.92694 
727.4923 494.82697 
617.0 255.0 
617.0 255.0 
617.0 255.0 
673.29346 290.50787 
712.5791 290.93848 
649.72174 329.4984 
724.6847 324.33118 
627.58685 362.2287 
746.9167 365.14752 
657.7882 375.81882 
617.0 255.0 
670.28015 429.7501 
718.72656 412.1828 
690.23975 473.57886 
746.66956 452.4145 
655.7966 495.07202 
725.9934 490.99536 
617.0 266.0 
617.0 266.0 
617.0 266.0 
674.35846 298.31372 
713.2727 299.89038 
649.03107 339.1325 
723.9769 334.22906 
625.811 368.59726 
748.25433 370.9331 
617.0 266.0 
617.0 266.0 
669.57837 429.81232 
718.4031 424.17947 
695.1493 474.34174 
745.3821 458.97522 
664.04 497.5578 
723.8858 493.5216 
618.0 271.0 
618.0 271.0 
618.0 271.0 
673.5239 307.29266 
711.3218 308.0754 
649.9302 349.10016 
721.47955 344.2149 
626.54047 378.74902 
746.51776 382.98398 
618.0 271.0 
618.0 271.0 
669.8435 469.97516 
724.7848 458.315 
618.0 271.0 
744.00134 463.64124 
618.0 271.0 
724.264 488.93707 
619.0 283.0 
619.0 283.0 
619.0 283.0 
673.07214 320.32877 
711.1296 320.90033 
646.84534 364.76367 
722.49634 355.98718 
630.9832 393.57953 
745.1438 393.93912 
619.0 283.0 
619.0 283.0 
670.2589 471.1422 
723.89575 462.28418 
619.0 283.0 
619.0 283.0 
619.0 283.0 
619.0 283.0 
629.0 298.0 
629.0 298.0 
629.0 298.0 
675.9239 331.3393 
712.85956 334.1877 
653.73755 369.7307 
716.5451 364.83707 
636.5762 403.74725 
739.98584 406.02097 
629.0 298.0 
629.0 298.0 
664.025 461.7785 
708.5511 461.0189 
629.0 298.0 
629.0 298.0 
629.0 298.0 
629.0 298.0 
631.0 311.0 
631.0 311.0 
631.0 311.0 
631.0 311.0 
631.0 311.0 
659.86945 375.46088 
710.75226 369.62918 
631.0 311.0 
738.0456 413.16626 
631.0 311.0 
631.0 311.0 
667.6735 466.17548 
706.9356 465.01077 
631.0 311.0 
631.0 311.0 
631.0 311.0 
631.0 311.0 
627.0 340.0 
627.0 340.0 
627.0 340.0 
627.0 340.0 
627.0 340.0 
669.7678 384.35965 
703.15265 385.08047 
627.0 340.0 
725.37775 429.42334 
627.0 340.0 
627.0 340.0 
650.57886 449.27484 
681.1639 447.94702 
627.0 340.0 
729.451 482.1528 
627.0 340.0 
627.0 340.0 
604.0 362.0 
604.0 362.0 
604.0 362.0 
604.0 362.0 
604.0 362.0 
604.0 362.0 
678.51355 399.7659 
604.0 362.0 
604.0 362.0 
604.0 362.0 
604.0 362.0 
604.0 362.0 
633.83923 432.0084 
604.0 362.0 
699.56464 460.961 
604.0 362.0 
665.2945 495.51633 
601.0 360.0 
601.0 360.0 
601.0 360.0 
601.0 360.0 
601.0 360.0 
601.0 360.0 
672.3943 393.81766 
601.0 360.0 
601.0 360.0 
601.0 360.0 
601.0 360.0 
601.0 360.0 
632.5844 434.12076 
601.0 360.0 
689.47504 452.66193 
601.0 360.0 
665.584 495.69055 
597.0 355.0 
597.0 355.0 
597.0 355.0 
597.0 355.0 
597.0 355.0 
597.0 355.0 
667.9853 389.09207 
597.0 355.0 
597.0 355.0 
597.0 355.0 
597.0 355.0 
597.0 355.0 
628.9427 427.74042 
597.0 355.0 
682.45 441.12537 
597.0 355.0 
656.019 482.76746 
