fight
526.0 144.0 
526.0 144.0 
526.0 144.0 
526.0 144.0 
526.0 144.0 
642.3989 258.08405 
624.729 253.71094 
526.0 144.0 
605.18335 265.6528 
526.0 144.0 
597.71765 271.79736 
631.3057 303.68915 
617.9488 300.6902 
526.0 144.0 
526.0 144.0 
526.0 144.0 
526.0 144.0 
527.0 186.0 
527.0 186.0 
527.0 186.0 
527.0 186.0 
527.0 186.0 
616.12744 258.75116 
639.64215 265.5793 
593.6332 271.4635 
527.0 186.0 
527.0 186.0 
527.0 186.0 
611.8533 304.00702 
627.9802 305.77405 
603.1044 329.69733 
618.893 331.8254 
527.0 186.0 
527.0 186.0 
526.0 213.0 
526.0 213.0 
526.0 213.0 
526.0 213.0 
526.0 213.0 
617.8201 258.15955 
642.89624 268.09448 
594.6291 270.35388 
526.0 213.0 
526.0 213.0 
526.0 213.0 
609.8874 304.92953 
627.78125 308.26648 
526.0 213.0 
526.0 213.0 
526.0 213.0 
526.0 213.0 
530.0 208.0 
530.0 208.0 
530.0 208.0 
530.0 208.0 
530.0 208.0 
617.84753 257.47568 
639.97394 265.23273 
592.87555 271.64954 
530.0 208.0 
530.0 208.0 
530.0 208.0 
610.03015 309.97195 
627.4055 311.61658 
530.0 208.0 
530.0 208.0 
530.0 208.0 
530.0 208.0 
535.0 208.0 
535.0 208.0 
535.0 208.0 
535.0 208.0 
535.0 208.0 
617.8422 258.9698 
641.3916 270.28778 
594.196 273.6863 
535.0 208.0 
535.0 208.0 
535.0 208.0 
609.941 311.15405 
625.54535 317.06604 
535.0 208.0 
535.0 208.0 
535.0 208.0 
535.0 208.0 
525.0 222.0 
525.0 222.0 
525.0 222.0 
525.0 222.0 
525.0 222.0 
615.5781 259.06107 
640.6132 269.42557 
594.96484 272.49725 
638.03625 293.4361 
525.0 222.0 
525.0 222.0 
606.162 315.92035 
622.52905 320.94867 
525.0 222.0 
525.0 222.0 
525.0 222.0 
525.0 222.0 
526.0 224.0 
526.0 224.0 
526.0 224.0 
526.0 224.0 
526.0 224.0 
614.2797 259.20203 
639.01996 266.8245 
595.7538 271.19855 
526.0 224.0 
526.0 224.0 
526.0 224.0 
609.1425 310.46555 
625.1711 313.29468 
526.0 224.0 
526.0 224.0 
526.0 224.0 
526.0 224.0 
588.0 227.0 
588.0 227.0 
588.0 227.0 
588.0 227.0 
588.0 227.0 
612.13184 259.61993 
636.5548 264.7175 
593.7008 273.74072 
588.0 227.0 
588.0 227.0 
588.0 227.0 
609.01514 309.71634 
625.7584 312.80304 
588.0 227.0 
588.0 227.0 
588.0 227.0 
588.0 227.0 
583.0 227.0 
583.0 227.0 
583.0 227.0 
583.0 227.0 
583.0 227.0 
614.7139 260.02695 
634.3909 262.37024 
593.7868 274.1515 
583.0 227.0 
583.0 227.0 
583.0 227.0 
614.39716 305.561 
628.7905 305.08508 
583.0 227.0 
583.0 227.0 
583.0 227.0 
583.0 227.0 
580.0 224.0 
580.0 224.0 
580.0 224.0 
580.0 224.0 
580.0 224.0 
615.03925 260.5216 
637.411 264.4357 
593.9622 274.09494 
580.0 224.0 
580.0 224.0 
580.0 224.0 
614.55707 306.75195 
628.6438 307.24225 
600.2605 329.5915 
580.0 224.0 
580.0 224.0 
580.0 224.0 
521.0 230.0 
521.0 230.0 
521.0 230.0 
521.0 230.0 
521.0 230.0 
546.6664 259.25476 
568.19226 260.1806 
521.0 230.0 
586.5831 267.62857 
521.0 230.0 
521.0 230.0 
547.228 294.90598 
562.05084 295.22046 
521.0 230.0 
521.0 230.0 
521.0 230.0 
521.0 230.0 
524.0 229.0 
524.0 229.0 
524.0 229.0 
524.0 229.0 
524.0 229.0 
543.6162 260.278 
568.78357 260.81946 
524.0 229.0 
594.3471 270.9848 
524.0 229.0 
524.0 229.0 
546.8817 296.08282 
563.2073 297.75446 
524.0 229.0 
524.0 229.0 
524.0 229.0 
524.0 229.0 
524.0 231.0 
524.0 231.0 
524.0 231.0 
524.0 231.0 
524.0 231.0 
550.0293 261.51843 
569.5289 263.15582 
524.0 231.0 
584.1245 272.9405 
524.0 231.0 
524.0 231.0 
548.4076 298.90778 
561.42633 300.02655 
542.4242 328.92902 
524.0 231.0 
524.0 231.0 
524.0 231.0 
532.0 218.0 
532.0 218.0 
532.0 218.0 
532.0 218.0 
532.0 218.0 
622.72034 256.72766 
645.8907 262.03235 
591.79266 280.6644 
532.0 218.0 
532.0 218.0 
532.0 218.0 
618.26917 318.7058 
637.32825 319.42242 
532.0 218.0 
532.0 218.0 
532.0 218.0 
532.0 218.0 
525.0 228.0 
525.0 228.0 
525.0 228.0 
525.0 228.0 
525.0 228.0 
626.002 257.94757 
648.99915 268.59854 
525.0 228.0 
525.0 228.0 
525.0 228.0 
525.0 228.0 
616.6644 319.78613 
630.5066 324.6768 
525.0 228.0 
525.0 228.0 
525.0 228.0 
525.0 228.0 
534.0 228.0 
534.0 228.0 
534.0 228.0 
534.0 228.0 
534.0 228.0 
624.27594 258.99258 
647.4491 267.54272 
595.0393 272.39508 
646.0358 292.9571 
534.0 228.0 
534.0 228.0 
616.1754 317.4532 
632.1608 319.92047 
534.0 228.0 
534.0 228.0 
534.0 228.0 
534.0 228.0 
519.0 119.0 
519.0 119.0 
519.0 119.0 
519.0 119.0 
519.0 119.0 
625.8808 259.84845 
649.25354 269.81964 
596.986 273.04 
519.0 119.0 
519.0 119.0 
519.0 119.0 
619.91425 310.1842 
635.825 314.43567 
519.0 119.0 
519.0 119.0 
519.0 119.0 
519.0 119.0 
534.0 177.0 
534.0 177.0 
534.0 177.0 
534.0 177.0 
534.0 177.0 
626.5123 259.4093 
649.02045 269.6042 
604.17914 270.97345 
647.40216 292.55695 
592.0249 271.0143 
534.0 177.0 
620.02747 309.82147 
634.8816 313.94016 
606.97797 333.31033 
621.29425 337.3465 
534.0 177.0 
534.0 177.0 
479.0 235.0 
479.0 235.0 
479.0 235.0 
479.0 235.0 
479.0 235.0 
550.5011 262.08316 
529.6769 260.28525 
479.0 235.0 
518.90405 270.9271 
479.0 235.0 
479.0 235.0 
543.48456 298.18048 
528.88165 296.0698 
548.24036 313.29437 
519.8826 314.11884 
479.0 235.0 
504.616 329.7582 
574.0 234.0 
574.0 234.0 
574.0 234.0 
574.0 234.0 
574.0 234.0 
611.9298 265.65814 
590.0558 264.66827 
624.7408 284.38995 
574.0 234.0 
623.6008 301.41986 
574.0 234.0 
610.3078 304.26797 
597.1238 303.4789 
574.0 234.0 
574.0 234.0 
574.0 234.0 
574.0 234.0 
573.0 229.0 
573.0 229.0 
573.0 229.0 
573.0 229.0 
573.0 229.0 
613.83746 269.97928 
590.4654 267.7457 
625.0855 286.77673 
573.0 229.0 
622.4181 304.37494 
573.0 229.0 
609.7284 304.08258 
596.2733 304.0547 
573.0 229.0 
573.0 229.0 
573.0 229.0 
573.0 229.0 
570.0 233.0 
570.0 233.0 
570.0 233.0 
570.0 233.0 
570.0 233.0 
611.05725 268.91046 
590.03577 262.92447 
625.06256 288.944 
570.0 233.0 
620.9884 308.18408 
570.0 233.0 
609.2822 311.82007 
570.0 233.0 
570.0 233.0 
570.0 233.0 
570.0 233.0 
570.0 233.0 
567.0 220.0 
567.0 220.0 
567.0 220.0 
567.0 220.0 
567.0 220.0 
610.083 252.9375 
583.696 250.02638 
623.0028 265.78226 
567.0 220.0 
567.0 220.0 
567.0 220.0 
603.31384 294.96164 
585.0302 294.59863 
567.0 220.0 
567.0 220.0 
567.0 220.0 
567.0 220.0 
474.0 91.0 
474.0 91.0 
474.0 91.0 
474.0 91.0 
474.0 91.0 
582.05194 251.84186 
609.2924 253.4956 
474.0 91.0 
616.56793 273.9463 
474.0 91.0 
474.0 91.0 
582.45514 290.55432 
598.73535 293.7378 
474.0 91.0 
474.0 91.0 
474.0 91.0 
474.0 91.0 
556.0 221.0 
556.0 221.0 
556.0 221.0 
556.0 221.0 
556.0 221.0 
607.0019 253.97475 
579.15454 250.33266 
612.04724 273.83823 
570.27484 263.16174 
556.0 221.0 
556.0 221.0 
598.34015 292.1281 
579.7358 291.36588 
556.0 221.0 
556.0 221.0 
556.0 221.0 
556.0 221.0 
552.0 215.0 
552.0 215.0 
552.0 215.0 
552.0 215.0 
552.0 215.0 
578.394 247.99994 
604.8209 252.95245 
561.2917 260.8689 
609.3365 275.0396 
552.0 215.0 
552.0 215.0 
577.52313 291.9234 
595.0748 295.97986 
552.0 215.0 
552.0 215.0 
552.0 215.0 
552.0 215.0 
543.0 216.0 
543.0 216.0 
543.0 216.0 
543.0 216.0 
543.0 216.0 
600.9581 253.5932 
575.72455 250.33833 
608.0585 273.50583 
557.7804 263.84103 
601.87024 292.47305 
577.3221 255.82376 
592.8344 294.0717 
575.505 292.12982 
592.04565 321.4649 
562.5838 316.5011 
543.0 216.0 
543.0 216.0 
542.0 215.0 
542.0 215.0 
542.0 215.0 
542.0 215.0 
542.0 215.0 
599.4154 252.0925 
573.4568 248.61528 
609.1136 271.19543 
554.69434 261.53622 
603.9514 287.931 
542.0 215.0 
591.1923 295.2572 
573.7666 293.6375 
542.0 215.0 
558.9059 315.19205 
542.0 215.0 
542.0 215.0 
540.0 214.0 
540.0 214.0 
540.0 214.0 
540.0 214.0 
540.0 214.0 
598.47296 252.63525 
571.65137 249.95361 
609.42816 269.66394 
553.67725 261.7887 
604.4371 284.28894 
540.0 214.0 
592.49286 294.03946 
573.7853 291.74673 
540.0 214.0 
560.22217 314.0078 
540.0 214.0 
540.0 214.0 
539.0 215.0 
539.0 215.0 
539.0 215.0 
539.0 215.0 
539.0 215.0 
596.1983 253.04245 
569.0399 251.44974 
608.0357 269.1916 
551.8037 262.8057 
539.0 215.0 
539.0 215.0 
588.3385 293.18097 
571.33575 292.46674 
539.0 215.0 
556.44305 314.78815 
539.0 215.0 
539.0 215.0 
487.0 211.0 
487.0 211.0 
487.0 211.0 
487.0 211.0 
487.0 211.0 
590.47363 251.18843 
566.6203 252.80144 
604.2506 263.309 
556.59906 268.8738 
487.0 211.0 
487.0 211.0 
585.41345 294.8089 
568.0893 293.61346 
487.0 211.0 
487.0 211.0 
487.0 211.0 
487.0 211.0 
543.0 213.0 
543.0 213.0 
543.0 213.0 
543.0 213.0 
543.0 213.0 
566.9556 253.64104 
589.3605 251.19067 
556.75024 273.61694 
543.0 213.0 
543.0 213.0 
543.0 213.0 
572.0482 297.27203 
587.9154 297.23993 
556.632 316.25113 
543.0 213.0 
543.0 213.0 
543.0 213.0 
481.0 201.0 
481.0 201.0 
481.0 201.0 
481.0 201.0 
522.85693 235.81412 
504.56744 243.46466 
520.9256 246.82367 
481.0 201.0 
481.0 201.0 
481.0 201.0 
481.0 201.0 
498.2831 281.22827 
509.9217 283.3393 
505.09732 307.55368 
513.0256 309.3731 
481.0 201.0 
504.21555 335.38593 
539.0 212.0 
539.0 212.0 
539.0 212.0 
539.0 212.0 
539.0 212.0 
578.33234 250.93045 
554.06647 253.19168 
590.8875 267.4532 
549.07227 272.891 
580.862 284.2621 
539.0 212.0 
577.0115 290.26187 
560.9781 292.2068 
539.0 212.0 
539.0 212.0 
539.0 212.0 
539.0 212.0 
540.0 217.0 
540.0 217.0 
540.0 217.0 
540.0 217.0 
540.0 217.0 
577.91046 251.16803 
552.2104 252.83807 
590.2468 266.57224 
540.0 217.0 
582.0348 286.40628 
540.0 217.0 
576.9452 292.0807 
560.1132 292.96875 
540.0 217.0 
540.0 217.0 
540.0 217.0 
540.0 217.0 
475.0 143.0 
475.0 143.0 
475.0 143.0 
475.0 143.0 
475.0 143.0 
578.1816 252.20432 
552.6634 252.11276 
591.1197 266.3138 
475.0 143.0 
584.10516 285.31677 
475.0 143.0 
579.1086 289.6784 
561.92224 288.14688 
475.0 143.0 
475.0 143.0 
475.0 143.0 
475.0 143.0 
534.0 200.0 
534.0 200.0 
534.0 200.0 
534.0 200.0 
534.0 200.0 
570.3279 255.3906 
554.06305 252.93526 
578.06226 277.10687 
534.0 200.0 
534.0 200.0 
534.0 200.0 
566.7644 294.00693 
554.9535 292.89624 
534.0 200.0 
534.0 200.0 
534.0 200.0 
534.0 200.0 
426.0 217.0 
426.0 217.0 
426.0 217.0 
426.0 217.0 
426.0 217.0 
450.6602 254.99643 
472.6289 251.59254 
445.9845 277.10294 
479.20648 266.87933 
426.0 217.0 
426.0 217.0 
456.9377 290.6661 
473.0346 289.65887 
426.0 217.0 
426.0 217.0 
426.0 217.0 
426.0 217.0 
431.0 217.0 
431.0 217.0 
431.0 217.0 
431.0 217.0 
431.0 217.0 
447.89096 254.36647 
471.30252 251.90663 
443.72644 275.59772 
477.85574 265.61127 
431.0 217.0 
431.0 217.0 
454.5067 291.44897 
470.29834 288.62958 
431.0 217.0 
431.0 217.0 
431.0 217.0 
431.0 217.0 
425.0 220.0 
425.0 220.0 
425.0 220.0 
425.0 220.0 
425.0 220.0 
448.04932 256.86374 
469.69617 251.93901 
444.70148 276.62955 
478.80527 263.4515 
425.0 220.0 
425.0 220.0 
454.42963 288.46356 
468.6769 286.70496 
453.17587 311.43176 
467.5554 310.74185 
453.8974 330.9561 
425.0 220.0 
407.0 232.0 
407.0 232.0 
407.0 232.0 
407.0 232.0 
407.0 232.0 
427.81888 257.0013 
451.36432 256.06284 
419.84662 275.56964 
459.22656 273.6823 
407.0 232.0 
407.0 232.0 
429.49817 291.86026 
447.21527 291.76617 
407.0 232.0 
407.0 232.0 
407.0 232.0 
407.0 232.0 
406.0 224.0 
406.0 224.0 
406.0 224.0 
406.0 224.0 
406.0 224.0 
426.0686 258.06677 
450.22784 257.14966 
419.33395 275.6676 
457.93686 274.30136 
406.0 224.0 
406.0 224.0 
429.22784 293.4505 
446.24353 292.50473 
429.89862 321.71005 
446.08304 320.72046 
406.0 224.0 
406.0 224.0 
413.0 221.0 
413.0 221.0 
413.0 221.0 
413.0 221.0 
467.0202 238.04895 
446.97684 249.14436 
472.085 249.0425 
413.0 221.0 
495.77124 252.6355 
413.0 221.0 
413.0 221.0 
448.2792 285.16495 
463.25256 285.8473 
447.7456 313.82672 
467.0243 309.6974 
445.16687 336.1923 
413.0 221.0 
433.0 215.0 
433.0 215.0 
433.0 215.0 
433.0 215.0 
433.0 215.0 
473.1748 248.63611 
450.99854 249.61243 
433.0 215.0 
433.0 215.0 
433.0 215.0 
433.0 215.0 
466.09488 291.53076 
452.15265 291.8548 
433.0 215.0 
450.2185 319.44754 
433.0 215.0 
433.0 215.0 
433.0 220.0 
433.0 220.0 
433.0 220.0 
433.0 220.0 
433.0 220.0 
473.7532 249.8907 
451.8548 248.96385 
493.06415 254.47812 
433.0 220.0 
433.0 220.0 
433.0 220.0 
468.1095 286.7547 
453.02853 286.3858 
433.0 220.0 
433.0 220.0 
433.0 220.0 
433.0 220.0 
440.0 195.0 
440.0 195.0 
440.0 195.0 
440.0 195.0 
440.0 195.0 
440.0 195.0 
486.94946 245.47826 
440.0 195.0 
440.0 195.0 
440.0 195.0 
440.0 195.0 
482.9575 286.05054 
477.5107 287.99442 
485.719 310.12546 
468.7979 311.85815 
484.84766 332.47162 
455.03226 328.54523 
446.0 200.0 
446.0 200.0 
446.0 200.0 
446.0 200.0 
446.0 200.0 
481.70782 243.87775 
497.61874 245.96808 
446.0 200.0 
446.0 200.0 
446.0 200.0 
446.0 200.0 
474.91592 289.00827 
487.3983 290.52707 
446.0 200.0 
446.0 200.0 
446.0 200.0 
446.0 200.0 
448.0 207.0 
448.0 207.0 
448.0 207.0 
448.0 207.0 
448.0 207.0 
558.8198 263.71945 
536.5444 253.89844 
557.72375 284.98737 
448.0 207.0 
448.0 207.0 
448.0 207.0 
542.70917 296.0435 
527.7517 292.11856 
448.0 207.0 
448.0 207.0 
448.0 207.0 
448.0 207.0 
457.0 213.0 
457.0 213.0 
457.0 213.0 
457.0 213.0 
457.0 213.0 
559.869 257.55182 
536.6462 251.73915 
457.0 213.0 
512.8261 263.81802 
457.0 213.0 
457.0 213.0 
548.4831 299.69376 
533.3579 297.4098 
457.0 213.0 
457.0 213.0 
457.0 213.0 
457.0 213.0 
455.0 213.0 
455.0 213.0 
455.0 213.0 
455.0 213.0 
455.0 213.0 
455.0 213.0 
479.53488 250.2131 
455.0 213.0 
455.0 213.0 
455.0 213.0 
455.0 213.0 
491.9781 289.8236 
478.8123 289.7292 
455.0 213.0 
476.6264 319.33417 
455.0 213.0 
455.0 213.0 
451.0 226.0 
451.0 226.0 
451.0 226.0 
451.0 226.0 
451.0 226.0 
507.54065 253.89034 
486.91687 250.16112 
451.0 226.0 
476.7792 262.18912 
451.0 226.0 
451.0 226.0 
498.03394 286.2422 
484.47067 285.1101 
451.0 226.0 
479.55566 303.79855 
451.0 226.0 
469.89648 325.11847 
487.0 220.0 
487.0 220.0 
487.0 220.0 
487.0 220.0 
487.0 220.0 
566.67816 254.40594 
591.9446 261.35956 
535.9811 267.98746 
487.0 220.0 
487.0 220.0 
487.0 220.0 
559.6605 306.02454 
578.1372 308.93665 
487.0 220.0 
487.0 220.0 
487.0 220.0 
487.0 220.0 
489.0 212.0 
489.0 212.0 
489.0 212.0 
489.0 212.0 
489.0 212.0 
511.90506 251.42238 
521.7806 252.77502 
489.0 212.0 
539.70245 266.22327 
489.0 212.0 
489.0 212.0 
502.94098 292.87683 
512.1542 294.3084 
489.0 212.0 
489.0 212.0 
489.0 212.0 
489.0 212.0 
491.0 215.0 
491.0 215.0 
491.0 215.0 
491.0 215.0 
527.72656 241.61774 
511.79758 253.53307 
522.1916 255.37552 
491.0 215.0 
491.0 215.0 
491.0 215.0 
491.0 215.0 
503.8243 291.31415 
513.02405 293.9579 
491.0 215.0 
491.0 215.0 
491.0 215.0 
491.0 215.0 
493.0 220.0 
493.0 220.0 
493.0 220.0 
493.0 220.0 
493.0 220.0 
533.4873 252.14746 
509.15533 256.52747 
493.0 220.0 
493.0 220.0 
493.0 220.0 
493.0 220.0 
534.0088 289.15112 
518.9316 290.18414 
493.0 220.0 
521.16895 312.95093 
493.0 220.0 
518.27673 333.49942 
480.0 235.0 
480.0 235.0 
480.0 235.0 
480.0 235.0 
480.0 235.0 
541.95807 261.729 
516.69446 263.71045 
555.59753 277.35986 
502.65967 277.59363 
562.7741 295.1289 
492.2399 290.36963 
542.5758 294.94913 
525.3467 296.3425 
551.7879 321.29807 
522.25684 326.18817 
480.0 235.0 
519.925 355.41876 
490.0 234.0 
490.0 234.0 
490.0 234.0 
490.0 234.0 
490.0 234.0 
548.52374 259.71945 
520.2172 260.66785 
564.80225 271.77097 
508.57513 275.62534 
574.5235 281.62616 
497.4862 285.51752 
543.76044 297.8314 
526.7344 298.00052 
546.1681 325.92734 
522.4622 326.16406 
490.0 234.0 
519.23804 352.4371 
485.0 235.0 
485.0 235.0 
485.0 235.0 
485.0 235.0 
485.0 235.0 
548.9549 259.19543 
521.58856 262.50113 
569.39703 269.61615 
506.9442 276.78433 
583.0775 278.06024 
496.81842 287.32074 
545.3019 296.9624 
528.23535 296.91162 
544.8641 322.41022 
524.5508 323.05 
485.0 235.0 
485.0 235.0 
489.0 234.0 
489.0 234.0 
489.0 234.0 
489.0 234.0 
489.0 234.0 
551.1501 258.87946 
524.8319 260.3542 
568.72797 267.9531 
509.57178 273.84418 
585.17523 273.82852 
489.0 234.0 
544.6182 299.05966 
527.76544 299.93738 
545.5536 325.0241 
522.67096 326.80884 
489.0 234.0 
489.0 234.0 
494.0 228.0 
494.0 228.0 
494.0 228.0 
494.0 228.0 
494.0 228.0 
525.04193 255.28284 
551.564 255.27234 
515.01086 269.6155 
569.9377 265.34708 
494.0 228.0 
588.6692 272.67508 
531.2791 295.66043 
548.6484 293.6858 
525.8836 321.9928 
548.25635 317.84375 
520.06616 346.87225 
494.0 228.0 
498.0 216.0 
498.0 216.0 
498.0 216.0 
498.0 216.0 
498.0 216.0 
555.499 255.17523 
530.2582 255.31332 
575.21155 266.63025 
518.9644 268.06885 
590.66656 273.21588 
509.69843 276.94843 
548.58307 293.9335 
531.8987 294.60568 
548.99713 322.07272 
526.2477 321.82123 
498.0 216.0 
498.0 216.0 
509.0 218.0 
509.0 218.0 
509.0 218.0 
509.0 218.0 
509.0 218.0 
534.1904 251.9661 
562.1387 255.75204 
523.1455 271.07306 
575.16504 269.10294 
509.0 218.0 
588.68365 277.73523 
535.7435 291.54172 
552.35754 290.74274 
509.0 218.0 
551.8022 312.3064 
509.0 218.0 
509.0 218.0 
506.0 230.0 
506.0 230.0 
506.0 230.0 
506.0 230.0 
506.0 230.0 
643.57263 267.46027 
619.09607 257.85757 
645.41376 288.06482 
600.84344 266.43814 
506.0 230.0 
506.0 230.0 
631.6278 296.80133 
615.40784 294.66785 
506.0 230.0 
607.77704 314.54095 
506.0 230.0 
599.92896 337.4538 
513.0 230.0 
513.0 230.0 
513.0 230.0 
513.0 230.0 
513.0 230.0 
645.3998 270.8547 
621.6325 258.02716 
643.15753 292.2143 
600.1526 266.27704 
513.0 230.0 
513.0 230.0 
630.05005 305.599 
613.4336 299.06274 
513.0 230.0 
604.9378 320.54413 
513.0 230.0 
598.9945 341.3225 
586.0 236.0 
586.0 236.0 
586.0 236.0 
586.0 236.0 
586.0 236.0 
654.45026 271.06693 
626.8028 259.71878 
586.0 236.0 
603.4087 269.95712 
586.0 236.0 
586.0 236.0 
635.52606 310.68604 
616.52515 303.85147 
586.0 236.0 
586.0 236.0 
586.0 236.0 
586.0 236.0 
584.0 231.0 
584.0 231.0 
584.0 231.0 
584.0 231.0 
639.23883 250.21605 
651.8077 269.68417 
627.3034 262.30402 
653.38763 290.60382 
606.02997 266.2657 
584.0 231.0 
584.0 231.0 
638.6181 299.58472 
620.9308 297.01852 
584.0 231.0 
584.0 231.0 
584.0 231.0 
584.0 231.0 
570.0 227.0 
570.0 227.0 
570.0 227.0 
570.0 227.0 
570.0 227.0 
650.05554 266.7868 
627.2504 260.6315 
652.8923 289.65414 
605.8867 267.91397 
570.0 227.0 
583.3086 270.3141 
638.89307 306.059 
621.39514 304.0788 
570.0 227.0 
570.0 227.0 
570.0 227.0 
570.0 227.0 
568.0 229.0 
568.0 229.0 
568.0 229.0 
568.0 229.0 
568.0 229.0 
627.1582 260.42587 
649.1861 267.7316 
607.035 271.08167 
568.0 229.0 
568.0 229.0 
568.0 229.0 
621.6498 307.9596 
640.18915 309.12286 
568.0 229.0 
568.0 229.0 
568.0 229.0 
568.0 229.0 
500.0 226.0 
500.0 226.0 
500.0 226.0 
500.0 226.0 
500.0 226.0 
558.05383 252.99487 
528.8043 252.22751 
569.5566 267.20108 
518.3712 271.06506 
500.0 226.0 
500.0 226.0 
553.2572 292.07477 
532.2632 292.09692 
500.0 226.0 
500.0 226.0 
500.0 226.0 
500.0 226.0 
603.0 229.0 
603.0 229.0 
603.0 229.0 
603.0 229.0 
603.0 229.0 
635.82544 262.9115 
655.70105 262.1568 
628.6761 280.44974 
603.0 229.0 
603.0 229.0 
603.0 229.0 
637.281 297.24316 
650.2479 297.15985 
603.0 229.0 
603.0 229.0 
603.0 229.0 
603.0 229.0 
502.0 225.0 
502.0 225.0 
502.0 225.0 
502.0 225.0 
502.0 225.0 
558.38995 254.9529 
530.2305 256.2773 
571.0278 264.76312 
502.0 225.0 
502.0 225.0 
502.0 225.0 
554.19696 287.08792 
534.9471 286.47864 
502.0 225.0 
528.54175 303.61166 
502.0 225.0 
520.7266 321.15463 
603.0 231.0 
603.0 231.0 
603.0 231.0 
603.0 231.0 
603.0 231.0 
635.7823 263.01654 
656.20667 263.22583 
626.90814 280.9566 
603.0 231.0 
614.33026 279.51758 
603.0 231.0 
635.95374 302.10406 
650.29047 302.00128 
621.8859 329.64725 
603.0 231.0 
603.0 231.0 
603.0 231.0 
602.0 235.0 
602.0 235.0 
602.0 235.0 
602.0 235.0 
602.0 235.0 
635.44586 264.09076 
654.2734 263.65857 
623.9343 280.25256 
602.0 235.0 
602.0 235.0 
602.0 235.0 
636.0348 301.8311 
650.30383 301.09628 
602.0 235.0 
602.0 235.0 
602.0 235.0 
602.0 235.0 
500.0 224.0 
500.0 224.0 
500.0 224.0 
500.0 224.0 
500.0 224.0 
562.8846 255.79828 
535.8132 254.56621 
500.0 224.0 
500.0 224.0 
500.0 224.0 
500.0 224.0 
557.4667 290.71695 
537.0068 289.47812 
561.2297 315.14453 
527.88873 309.19492 
500.0 224.0 
500.0 224.0 
606.0 228.0 
606.0 228.0 
606.0 228.0 
606.0 228.0 
606.0 228.0 
631.7793 263.17343 
656.63965 266.33005 
620.234 279.89557 
606.0 228.0 
606.0 228.0 
606.0 228.0 
631.2271 308.5591 
646.961 309.60147 
606.0 228.0 
606.0 228.0 
606.0 228.0 
606.0 228.0 
504.0 220.0 
504.0 220.0 
504.0 220.0 
504.0 220.0 
504.0 220.0 
536.16064 249.9214 
559.7519 251.44264 
522.3401 263.95325 
571.64233 262.94058 
504.0 220.0 
504.0 220.0 
537.9296 288.78598 
554.7979 291.1073 
504.0 220.0 
504.0 220.0 
504.0 220.0 
504.0 220.0 
606.0 226.0 
606.0 226.0 
606.0 226.0 
606.0 226.0 
606.0 226.0 
657.9193 264.79205 
632.8621 263.1287 
606.0 226.0 
622.4552 279.2435 
606.0 226.0 
606.0 226.0 
651.0394 300.39804 
634.2421 297.62863 
606.0 226.0 
631.06647 315.8042 
606.0 226.0 
618.8379 339.11282 
505.0 216.0 
505.0 216.0 
505.0 216.0 
505.0 216.0 
505.0 216.0 
560.6497 249.23166 
534.5785 248.96397 
505.0 216.0 
520.3964 259.159 
505.0 216.0 
505.0 216.0 
554.03687 291.8709 
535.2477 292.29605 
559.7317 321.9767 
505.0 216.0 
505.0 216.0 
505.0 216.0 
575.0 231.0 
575.0 231.0 
575.0 231.0 
575.0 231.0 
575.0 231.0 
634.936 264.33023 
659.6839 268.34106 
619.97174 280.86557 
661.4994 291.74045 
575.0 231.0 
575.0 231.0 
630.6987 311.4661 
648.3418 313.93405 
575.0 231.0 
575.0 231.0 
575.0 231.0 
575.0 231.0 
595.0 231.0 
595.0 231.0 
595.0 231.0 
640.1504 248.17448 
595.0 231.0 
635.19055 263.9447 
660.123 268.09344 
620.0831 278.5674 
661.5867 290.91782 
595.0 231.0 
595.0 231.0 
630.10785 309.85187 
647.67596 313.2574 
595.0 231.0 
595.0 231.0 
595.0 231.0 
595.0 231.0 
511.0 214.0 
511.0 214.0 
511.0 214.0 
511.0 214.0 
511.0 214.0 
559.7097 246.82983 
532.0434 248.85849 
569.4402 260.9831 
519.76965 260.37384 
511.0 214.0 
511.0 214.0 
553.2577 288.6101 
534.2496 288.5145 
511.0 214.0 
511.0 214.0 
511.0 214.0 
511.0 214.0 
594.0 227.0 
594.0 227.0 
594.0 227.0 
594.0 227.0 
594.0 227.0 
633.17236 264.96796 
658.84656 268.19434 
618.7915 279.36682 
594.0 227.0 
594.0 227.0 
594.0 227.0 
625.7017 315.40588 
645.7913 315.70306 
594.0 227.0 
594.0 227.0 
594.0 227.0 
594.0 227.0 
593.0 232.0 
593.0 232.0 
593.0 232.0 
593.0 232.0 
593.0 232.0 
634.31 264.22546 
658.6633 268.9544 
618.3904 277.4365 
659.3623 291.47357 
593.0 232.0 
593.0 232.0 
629.5939 309.74622 
647.0648 312.51776 
593.0 232.0 
593.0 232.0 
593.0 232.0 
593.0 232.0 
511.0 217.0 
511.0 217.0 
511.0 217.0 
511.0 217.0 
511.0 217.0 
557.41345 250.83685 
531.5905 251.6365 
511.0 217.0 
511.0 217.0 
511.0 217.0 
511.0 217.0 
552.12787 285.8241 
534.771 287.22433 
554.9648 306.5409 
530.0739 308.03134 
560.9519 324.81403 
511.0 217.0 
592.0 232.0 
592.0 232.0 
592.0 232.0 
592.0 232.0 
592.0 232.0 
632.6341 263.62622 
657.5745 268.02472 
616.6816 275.2824 
659.3753 290.53445 
592.0 232.0 
592.0 232.0 
629.28644 309.30322 
647.56604 311.64798 
609.5828 332.0731 
644.1331 339.85455 
592.0 232.0 
592.0 232.0 
590.0 232.0 
590.0 232.0 
590.0 232.0 
590.0 232.0 
590.0 232.0 
631.138 262.83804 
656.0423 267.42392 
613.72986 274.27307 
659.9624 288.99106 
590.0 232.0 
590.0 232.0 
627.9023 308.29764 
645.81885 310.3022 
609.323 330.58423 
645.1924 338.7069 
590.0 232.0 
647.179 362.92413 
587.0 231.0 
587.0 231.0 
587.0 231.0 
587.0 231.0 
587.0 231.0 
622.7292 263.3959 
648.5071 266.9137 
605.95465 273.41898 
656.7943 289.70636 
587.0 231.0 
587.0 231.0 
620.8097 309.95676 
638.3229 314.10706 
587.0 231.0 
587.0 231.0 
587.0 231.0 
587.0 231.0 
585.0 230.0 
585.0 230.0 
585.0 230.0 
628.0735 248.3642 
585.0 230.0 
621.45685 263.85535 
647.01843 267.60626 
602.55725 273.18695 
656.8121 290.85632 
601.43335 261.3896 
585.0 230.0 
619.4536 309.99283 
639.27106 312.4663 
600.16547 336.07327 
633.1258 344.8677 
585.0 230.0 
585.0 230.0 
508.0 215.0 
508.0 215.0 
508.0 215.0 
508.0 215.0 
508.0 215.0 
538.8333 256.3178 
566.0071 254.42047 
528.1468 270.27362 
508.0 215.0 
508.0 215.0 
508.0 215.0 
543.97 294.18915 
562.91016 293.6875 
508.0 215.0 
508.0 215.0 
508.0 215.0 
508.0 215.0 
585.0 229.0 
585.0 229.0 
585.0 229.0 
585.0 229.0 
585.0 229.0 
619.0104 266.09906 
644.5698 269.5198 
600.84485 274.888 
656.51227 288.75897 
585.0 229.0 
585.0 229.0 
618.03577 312.5118 
638.1156 315.3452 
585.0 229.0 
585.0 229.0 
585.0 229.0 
585.0 229.0 
584.0 229.0 
584.0 229.0 
584.0 229.0 
584.0 229.0 
584.0 229.0 
617.10223 266.14545 
642.03345 267.65372 
599.82336 277.72995 
656.6438 284.97308 
596.9209 264.51746 
584.0 229.0 
617.2714 312.2101 
635.46533 314.25644 
597.8714 332.595 
584.0 229.0 
584.0 229.0 
584.0 229.0 
583.0 228.0 
583.0 228.0 
583.0 228.0 
583.0 228.0 
631.4023 248.83353 
613.5863 266.79794 
640.798 266.39136 
599.27014 284.05988 
655.45105 280.18616 
583.0 228.0 
583.0 228.0 
616.6916 312.4135 
634.32635 313.3603 
596.0557 328.76477 
583.0 228.0 
583.0 228.0 
583.0 228.0 
505.0 229.0 
505.0 229.0 
505.0 229.0 
505.0 229.0 
505.0 229.0 
572.28656 254.90443 
505.0 229.0 
505.0 229.0 
505.0 229.0 
505.0 229.0 
505.0 229.0 
565.21747 293.88596 
546.7231 293.37622 
570.5615 319.11115 
535.4386 313.1404 
505.0 229.0 
505.0 229.0 
511.0 225.0 
511.0 225.0 
511.0 225.0 
511.0 225.0 
511.0 225.0 
573.9188 253.61905 
548.587 252.45596 
589.32153 263.9057 
536.93854 263.1632 
511.0 225.0 
511.0 225.0 
567.3315 293.20032 
548.5231 292.57413 
571.00885 316.86465 
538.62054 314.92413 
511.0 225.0 
511.0 225.0 
509.0 224.0 
509.0 224.0 
509.0 224.0 
509.0 224.0 
509.0 224.0 
546.64795 253.71696 
575.9705 253.85083 
534.77454 267.78842 
592.6477 270.03827 
509.0 224.0 
509.0 224.0 
547.2859 290.60248 
566.94995 292.05554 
509.0 224.0 
569.7356 314.45062 
509.0 224.0 
509.0 224.0 
561.0 221.0 
561.0 221.0 
561.0 221.0 
561.0 221.0 
561.0 221.0 
613.56903 257.29498 
590.1229 258.8947 
561.0 221.0 
577.12146 269.02374 
561.0 221.0 
561.0 221.0 
611.5485 296.23322 
596.04913 295.91882 
561.0 221.0 
591.0309 320.66888 
561.0 221.0 
561.0 221.0 
553.0 223.0 
553.0 223.0 
553.0 223.0 
553.0 223.0 
553.0 223.0 
613.7777 255.77083 
587.8262 257.61987 
621.13165 275.33676 
573.82574 267.6793 
553.0 223.0 
553.0 223.0 
612.32324 293.16647 
594.8442 295.57492 
553.0 223.0 
553.0 223.0 
553.0 223.0 
553.0 223.0 
552.0 224.0 
552.0 224.0 
552.0 224.0 
552.0 224.0 
552.0 224.0 
609.9579 251.90167 
586.7461 255.80156 
624.31006 263.15475 
573.15485 270.7594 
552.0 224.0 
552.0 224.0 
608.72797 291.45197 
594.2375 292.67862 
552.0 224.0 
592.74677 309.4643 
552.0 224.0 
591.3736 332.6929 
545.0 212.0 
545.0 212.0 
545.0 212.0 
545.0 212.0 
545.0 212.0 
585.95374 241.99306 
561.3807 244.1024 
597.68524 255.8713 
545.0 212.0 
592.3833 272.80228 
545.0 212.0 
583.99915 281.51294 
566.85004 282.60617 
545.0 212.0 
545.0 212.0 
545.0 212.0 
545.0 212.0 
498.0 211.0 
498.0 211.0 
498.0 211.0 
498.0 211.0 
498.0 211.0 
574.2167 240.93144 
548.99866 242.0743 
583.9632 258.99442 
498.0 211.0 
582.2175 277.59875 
498.0 211.0 
571.25995 280.8486 
554.4572 280.70874 
571.5469 305.38635 
540.33234 300.23798 
498.0 211.0 
498.0 211.0 
516.0 212.0 
516.0 212.0 
516.0 212.0 
516.0 212.0 
516.0 212.0 
572.32056 241.93575 
546.1257 241.73083 
584.2275 263.4976 
516.0 212.0 
516.0 212.0 
516.0 212.0 
569.6148 286.4188 
551.748 286.38177 
516.0 212.0 
516.0 212.0 
516.0 212.0 
516.0 212.0 
506.0 214.0 
506.0 214.0 
506.0 214.0 
506.0 214.0 
506.0 214.0 
562.76416 240.07768 
540.05786 243.23117 
580.1294 250.0947 
527.2077 256.61566 
506.0 214.0 
513.0392 263.71304 
559.68506 282.81506 
545.8736 282.70184 
506.0 214.0 
506.0 214.0 
506.0 214.0 
506.0 214.0 
424.0 193.0 
424.0 193.0 
424.0 193.0 
424.0 193.0 
424.0 193.0 
424.0 193.0 
444.7602 235.139 
424.0 193.0 
438.68802 249.57114 
424.0 193.0 
424.0 193.0 
463.0994 262.6773 
450.33008 263.28006 
462.20633 281.59857 
448.91708 281.71426 
424.0 193.0 
445.47525 298.13107 
503.0 212.0 
503.0 212.0 
503.0 212.0 
503.0 212.0 
503.0 212.0 
557.61676 239.50545 
537.9849 243.40793 
574.2723 244.39041 
529.49567 259.9104 
503.0 212.0 
515.3662 268.953 
557.546 275.2586 
545.074 276.07037 
503.0 212.0 
503.0 212.0 
503.0 212.0 
503.0 212.0 
425.0 225.0 
425.0 225.0 
425.0 225.0 
425.0 225.0 
425.0 225.0 
463.62167 249.08972 
441.075 251.35242 
480.03033 254.84396 
434.04596 265.9215 
425.0 225.0 
438.44965 274.8333 
461.47122 277.43655 
445.80008 278.56958 
467.5927 298.62903 
440.10934 301.66797 
425.0 225.0 
435.41766 323.7078 
401.0 225.0 
401.0 225.0 
401.0 225.0 
401.0 225.0 
401.0 225.0 
462.08228 246.11588 
439.98505 246.95801 
401.0 225.0 
430.94046 262.01053 
401.0 225.0 
436.40787 274.27765 
462.37216 276.71228 
446.28143 277.4772 
401.0 225.0 
441.41446 301.96924 
401.0 225.0 
434.17743 323.50784 
421.0 222.0 
421.0 222.0 
421.0 222.0 
421.0 222.0 
421.0 222.0 
466.75677 244.36516 
441.54797 245.57307 
421.0 222.0 
432.62366 259.9923 
421.0 222.0 
437.66873 269.9448 
464.1959 275.91968 
446.23236 277.81543 
468.5396 298.21198 
440.53058 301.21014 
421.0 222.0 
434.97696 322.63513 
505.0 215.0 
505.0 215.0 
505.0 215.0 
505.0 215.0 
505.0 215.0 
570.6122 249.31734 
547.6292 244.24371 
505.0 215.0 
533.35364 250.97484 
505.0 215.0 
518.16376 252.0989 
560.9339 289.26312 
545.1831 286.86044 
505.0 215.0 
530.1009 300.9555 
505.0 215.0 
527.2454 322.9719 
458.0 212.0 
458.0 212.0 
458.0 212.0 
458.0 212.0 
458.0 212.0 
562.5977 245.11482 
581.3293 246.23125 
542.8445 259.18005 
458.0 212.0 
458.0 212.0 
458.0 212.0 
564.0302 296.84778 
578.7137 297.41272 
458.0 212.0 
458.0 212.0 
458.0 212.0 
458.0 212.0 
454.0 203.0 
454.0 203.0 
454.0 203.0 
454.0 203.0 
454.0 203.0 
475.28128 236.60138 
497.28827 236.43465 
468.22638 253.88821 
502.46082 253.79349 
454.0 203.0 
454.0 203.0 
477.19482 271.9039 
491.84512 271.82043 
476.6828 296.39673 
489.11023 294.95938 
454.0 203.0 
454.0 203.0 
539.0 218.0 
539.0 218.0 
539.0 218.0 
539.0 218.0 
539.0 218.0 
590.3365 249.97995 
566.7032 250.45952 
539.0 218.0 
554.2908 263.7342 
539.0 218.0 
539.0 218.0 
585.8262 285.5475 
571.00494 283.93256 
539.0 218.0 
539.0 218.0 
539.0 218.0 
539.0 218.0 
522.0 216.0 
522.0 216.0 
522.0 216.0 
522.0 216.0 
522.0 216.0 
589.16235 250.6688 
562.9478 251.31598 
522.0 216.0 
544.983 260.32565 
522.0 216.0 
522.0 216.0 
586.90686 297.21085 
569.9157 296.88098 
522.0 216.0 
522.0 216.0 
522.0 216.0 
522.0 216.0 
519.0 214.0 
519.0 214.0 
519.0 214.0 
577.2515 230.71259 
519.0 214.0 
585.3685 244.82964 
558.8549 249.018 
595.8197 262.02356 
543.2503 258.81372 
519.0 214.0 
525.31165 253.28172 
588.9625 280.77322 
571.2469 282.76987 
519.0 214.0 
519.0 214.0 
519.0 214.0 
519.0 214.0 
460.0 214.0 
460.0 214.0 
460.0 214.0 
460.0 214.0 
460.0 214.0 
507.9906 242.03622 
486.935 242.61108 
460.0 214.0 
460.0 214.0 
460.0 214.0 
460.0 214.0 
504.4684 272.0514 
490.07828 272.0567 
505.55463 291.21716 
485.14697 289.33136 
512.22046 310.7854 
479.98486 305.8052 
501.0 211.0 
501.0 211.0 
501.0 211.0 
501.0 211.0 
501.0 211.0 
544.0448 246.5983 
522.7024 241.22185 
501.0 211.0 
514.58636 255.08342 
501.0 211.0 
501.0 211.0 
536.09973 276.6372 
522.17084 275.25903 
528.65564 300.58362 
501.0 211.0 
501.0 211.0 
501.0 211.0 
494.0 207.0 
494.0 207.0 
494.0 207.0 
494.0 207.0 
494.0 207.0 
537.06067 240.08281 
515.5296 240.43106 
546.51373 256.31628 
506.56863 253.68887 
494.0 207.0 
494.0 207.0 
532.89276 275.14417 
519.75183 274.63562 
494.0 207.0 
494.0 207.0 
494.0 207.0 
494.0 207.0 
434.0 212.0 
434.0 212.0 
434.0 212.0 
434.0 212.0 
434.0 212.0 
478.31735 243.32288 
454.54425 241.15552 
490.14584 251.41916 
447.7577 256.39536 
434.0 212.0 
434.0 212.0 
472.1884 274.694 
455.89792 273.98245 
477.33597 299.16037 
453.5095 296.7177 
480.27396 323.39426 
446.1167 316.4898 
492.0 208.0 
492.0 208.0 
492.0 208.0 
492.0 208.0 
492.0 208.0 
530.2122 243.92923 
492.0 208.0 
517.8721 257.34167 
492.0 208.0 
492.0 208.0 
492.0 208.0 
531.81525 275.85004 
538.7327 274.31912 
531.1248 298.6783 
534.7303 297.9897 
533.25336 319.87842 
534.5443 318.43604 
459.0 204.0 
459.0 204.0 
559.2057 229.79305 
459.0 204.0 
552.4384 230.70099 
562.0097 244.30019 
544.44916 242.985 
459.0 204.0 
527.69244 252.05531 
459.0 204.0 
459.0 204.0 
553.535 282.4707 
540.8945 282.5663 
459.0 204.0 
535.3063 300.8534 
459.0 204.0 
534.41254 321.47113 
453.0 211.0 
453.0 211.0 
453.0 211.0 
453.0 211.0 
453.0 211.0 
503.44647 241.10715 
483.13458 239.13239 
453.0 211.0 
471.28464 248.34984 
453.0 211.0 
453.0 211.0 
495.50378 276.43344 
481.72256 276.0326 
494.70093 298.0289 
478.22876 298.87582 
487.46725 314.34332 
473.02176 317.12164 
503.0 215.0 
503.0 215.0 
503.0 215.0 
503.0 215.0 
503.0 215.0 
528.98914 243.72543 
553.438 246.37396 
521.8527 262.02814 
564.9749 262.34827 
503.0 215.0 
503.0 215.0 
532.19806 278.54904 
548.6341 278.0421 
534.8597 305.97125 
554.07684 301.79547 
503.0 215.0 
503.0 215.0 
508.0 219.0 
508.0 219.0 
508.0 219.0 
508.0 219.0 
508.0 219.0 
529.8814 243.87544 
549.79333 245.17114 
508.0 219.0 
569.67755 264.8848 
508.0 219.0 
508.0 219.0 
527.37744 288.94504 
545.6457 290.30215 
508.0 219.0 
508.0 219.0 
508.0 219.0 
508.0 219.0 
511.0 231.0 
511.0 231.0 
511.0 231.0 
609.45715 251.76357 
511.0 231.0 
617.4491 267.1396 
605.7095 262.1364 
615.1556 288.8743 
511.0 231.0 
595.6053 284.67535 
511.0 231.0 
614.34796 302.7902 
604.2534 297.84622 
595.5122 322.57675 
511.0 231.0 
511.0 231.0 
511.0 231.0 
566.0 218.0 
566.0 218.0 
566.0 218.0 
566.0 218.0 
566.0 218.0 
618.2471 259.08908 
610.34894 257.75162 
611.5847 278.92322 
566.0 218.0 
592.2007 279.77655 
566.0 218.0 
617.2488 296.70737 
566.0 218.0 
566.0 218.0 
566.0 218.0 
566.0 218.0 
566.0 218.0 
579.0 227.0 
579.0 227.0 
579.0 227.0 
579.0 227.0 
579.0 227.0 
649.8794 263.1445 
626.3515 256.69116 
579.0 227.0 
607.70215 266.53696 
579.0 227.0 
589.3519 272.60217 
639.8442 300.94525 
624.4756 298.293 
579.0 227.0 
579.0 227.0 
579.0 227.0 
579.0 227.0 
571.0 225.0 
571.0 225.0 
571.0 225.0 
571.0 225.0 
571.0 225.0 
650.06244 262.7677 
627.85767 258.42105 
571.0 225.0 
608.6385 268.36282 
571.0 225.0 
591.05994 273.04016 
639.39966 302.77264 
625.1195 300.94193 
629.8867 329.56143 
619.67914 328.66992 
571.0 225.0 
571.0 225.0 
581.0 224.0 
581.0 224.0 
581.0 224.0 
581.0 224.0 
581.0 224.0 
649.7085 260.87366 
628.89484 258.09204 
581.0 224.0 
610.923 269.2557 
581.0 224.0 
591.49744 275.91544 
638.9752 301.01282 
627.18475 298.72153 
581.0 224.0 
581.0 224.0 
581.0 224.0 
581.0 224.0 
570.0 223.0 
570.0 223.0 
570.0 223.0 
570.0 223.0 
570.0 223.0 
651.7863 259.47455 
630.66394 256.9626 
570.0 223.0 
613.7237 269.7141 
570.0 223.0 
592.2808 278.37985 
646.69867 299.64935 
630.9652 298.9393 
570.0 223.0 
570.0 223.0 
570.0 223.0 
570.0 223.0 
592.0 224.0 
592.0 224.0 
592.0 224.0 
592.0 224.0 
592.0 224.0 
638.03674 259.12787 
652.6773 259.9122 
626.84827 276.27908 
592.0 224.0 
604.2453 284.79053 
592.0 224.0 
633.8618 300.75708 
646.8665 300.82715 
621.2551 325.85306 
592.0 224.0 
592.0 224.0 
592.0 224.0 
478.0 214.0 
478.0 214.0 
478.0 214.0 
478.0 214.0 
478.0 214.0 
509.8553 252.1146 
536.6047 252.87982 
497.14325 267.53247 
544.3774 267.63275 
478.0 214.0 
478.0 214.0 
512.34686 288.9986 
531.0329 288.88434 
505.1042 316.18842 
536.31525 319.08075 
478.0 214.0 
478.0 214.0 
598.0 226.0 
598.0 226.0 
598.0 226.0 
598.0 226.0 
598.0 226.0 
632.91595 257.76752 
650.484 258.554 
623.1028 276.5977 
598.0 226.0 
607.7616 271.3563 
598.0 226.0 
632.4225 297.66702 
646.43677 298.26367 
598.0 226.0 
598.0 226.0 
598.0 226.0 
598.0 226.0 
597.0 220.0 
597.0 220.0 
597.0 220.0 
597.0 220.0 
597.0 220.0 
632.4432 257.68887 
649.5393 257.75604 
622.04675 277.47296 
597.0 220.0 
604.75275 270.32602 
597.0 220.0 
633.5991 299.88318 
647.36017 298.90118 
613.9952 322.85443 
597.0 220.0 
597.0 220.0 
597.0 220.0 
598.0 221.0 
598.0 221.0 
598.0 221.0 
598.0 221.0 
598.0 221.0 
632.1425 257.29153 
650.4134 257.5788 
623.02655 276.13452 
598.0 221.0 
607.79 272.13593 
598.0 221.0 
632.2066 297.6373 
645.666 297.9889 
616.21014 323.57 
598.0 221.0 
598.0 221.0 
598.0 221.0 
506.0 209.0 
506.0 209.0 
506.0 209.0 
506.0 209.0 
506.0 209.0 
537.59546 249.1778 
561.82855 250.40085 
506.0 209.0 
577.5586 259.0249 
506.0 209.0 
506.0 209.0 
539.1649 285.32346 
556.0881 285.399 
506.0 209.0 
559.1021 303.634 
506.0 209.0 
565.1119 325.4026 
508.0 221.0 
508.0 221.0 
508.0 221.0 
508.0 221.0 
508.0 221.0 
538.73285 252.46097 
564.2886 253.34811 
526.604 262.91086 
583.77625 260.78473 
508.0 221.0 
508.0 221.0 
539.55414 291.4396 
557.49255 293.32394 
508.0 221.0 
508.0 221.0 
508.0 221.0 
508.0 221.0 
508.0 227.0 
508.0 227.0 
508.0 227.0 
508.0 227.0 
508.0 227.0 
554.1077 250.6759 
578.38525 255.66261 
538.9508 262.09653 
592.6637 269.33417 
508.0 227.0 
605.7754 279.00012 
544.98615 292.19366 
561.91406 294.99 
508.0 227.0 
571.985 318.40765 
508.0 227.0 
508.0 227.0 
509.0 214.0 
509.0 214.0 
509.0 214.0 
509.0 214.0 
509.0 214.0 
556.7744 253.70525 
509.0 214.0 
509.0 214.0 
509.0 214.0 
509.0 214.0 
509.0 214.0 
548.2196 291.73492 
561.3919 292.94843 
538.89685 310.92847 
571.61786 313.319 
526.67316 328.3808 
572.61487 337.3457 
591.0 226.0 
591.0 226.0 
591.0 226.0 
591.0 226.0 
591.0 226.0 
633.3695 259.001 
652.7024 261.50223 
625.4302 278.07788 
591.0 226.0 
617.2498 271.93488 
591.0 226.0 
631.233 301.29175 
646.05994 300.12143 
591.0 226.0 
591.0 226.0 
591.0 226.0 
591.0 226.0 
514.0 223.0 
514.0 223.0 
514.0 223.0 
514.0 223.0 
514.0 223.0 
635.95435 260.2803 
655.02765 261.7599 
625.69073 277.66235 
514.0 223.0 
617.9637 270.81723 
514.0 223.0 
632.65027 300.8535 
647.8036 301.056 
615.75006 323.0341 
644.71936 326.16266 
514.0 223.0 
514.0 223.0 
591.0 227.0 
591.0 227.0 
591.0 227.0 
591.0 227.0 
591.0 227.0 
635.5913 259.76282 
655.408 261.2586 
591.0 227.0 
591.0 227.0 
591.0 227.0 
591.0 227.0 
633.05994 299.69238 
647.63965 299.78348 
615.88745 321.73712 
646.86456 326.40234 
591.0 227.0 
652.9243 352.25223 
590.0 225.0 
590.0 225.0 
590.0 225.0 
590.0 225.0 
590.0 225.0 
635.8819 259.12982 
656.33417 263.1699 
618.27686 269.58365 
590.0 225.0 
590.0 225.0 
590.0 225.0 
631.6189 304.65475 
647.3551 302.97153 
590.0 225.0 
590.0 225.0 
590.0 225.0 
590.0 225.0 
590.0 227.0 
590.0 227.0 
590.0 227.0 
590.0 227.0 
590.0 227.0 
656.8235 264.16708 
631.869 259.95306 
660.3286 284.93942 
590.0 227.0 
590.0 227.0 
590.0 227.0 
647.68384 300.02924 
631.89996 299.07327 
647.6823 328.2469 
590.0 227.0 
590.0 227.0 
590.0 227.0 
592.0 233.0 
592.0 233.0 
592.0 233.0 
592.0 233.0 
592.0 233.0 
657.50885 265.6086 
632.797 259.13858 
659.65533 288.35098 
613.8257 261.04663 
592.0 233.0 
592.0 233.0 
647.23627 305.12152 
630.20514 302.91165 
592.0 233.0 
592.0 233.0 
592.0 233.0 
592.0 233.0 
523.0 206.0 
523.0 206.0 
523.0 206.0 
523.0 206.0 
523.0 206.0 
635.03467 260.26678 
658.9516 266.35175 
613.3224 258.83914 
658.5267 289.48962 
523.0 206.0 
523.0 206.0 
629.94226 304.62805 
645.78925 308.54904 
523.0 206.0 
523.0 206.0 
523.0 206.0 
523.0 206.0 
591.0 230.0 
591.0 230.0 
591.0 230.0 
591.0 230.0 
591.0 230.0 
630.4945 261.22055 
655.14966 267.38947 
612.945 265.97726 
659.3723 291.6478 
591.0 230.0 
591.0 230.0 
625.25934 304.45175 
642.9483 309.6584 
591.0 230.0 
591.0 230.0 
591.0 230.0 
591.0 230.0 
590.0 227.0 
590.0 227.0 
590.0 227.0 
590.0 227.0 
641.21875 248.197 
655.94635 264.92035 
631.1346 259.77173 
590.0 227.0 
613.12134 265.4056 
590.0 227.0 
590.0 227.0 
647.3834 302.39792 
629.8408 299.24802 
647.83057 328.60312 
614.57806 318.8723 
651.3592 355.54834 
603.8114 333.0398 
593.0 235.0 
593.0 235.0 
593.0 235.0 
593.0 235.0 
593.0 235.0 
631.01373 259.89783 
655.1435 265.3142 
612.0709 265.6489 
593.0 235.0 
593.0 235.0 
593.0 235.0 
627.3722 300.91403 
644.37213 304.53653 
593.0 235.0 
593.0 235.0 
593.0 235.0 
593.0 235.0 
580.0 233.0 
580.0 233.0 
580.0 233.0 
580.0 233.0 
580.0 233.0 
628.7378 260.70084 
654.2251 264.96475 
611.53656 267.1838 
662.2765 284.48767 
580.0 233.0 
580.0 233.0 
624.85345 302.9423 
642.887 305.23734 
612.1619 317.99292 
580.0 233.0 
604.79254 334.8726 
580.0 233.0 
593.0 230.0 
593.0 230.0 
593.0 230.0 
593.0 230.0 
593.0 230.0 
624.70764 261.86633 
650.0899 263.4039 
608.85925 273.56793 
593.0 230.0 
593.0 230.0 
593.0 230.0 
625.8996 306.09717 
643.0063 306.39975 
606.5244 323.15637 
593.0 230.0 
593.0 230.0 
593.0 230.0 
589.0 225.0 
589.0 225.0 
589.0 225.0 
589.0 225.0 
589.0 225.0 
627.0015 260.9289 
654.48285 263.63162 
610.2831 277.70486 
589.0 225.0 
606.8111 266.0395 
589.0 225.0 
629.1794 312.37326 
649.8677 312.5598 
604.5587 323.7202 
589.0 225.0 
589.0 225.0 
589.0 225.0 
517.0 224.0 
517.0 224.0 
517.0 224.0 
517.0 224.0 
517.0 224.0 
560.5991 252.68613 
533.5946 252.6286 
570.9681 263.90698 
517.0 224.0 
517.0 224.0 
517.0 224.0 
557.8585 289.16495 
539.7065 289.3641 
562.473 315.89374 
534.09393 317.0142 
564.826 340.4177 
517.0 224.0 
511.0 210.0 
511.0 210.0 
511.0 210.0 
511.0 210.0 
511.0 210.0 
562.03455 251.9883 
533.69653 253.62212 
576.0183 263.80908 
525.0765 268.06567 
572.0482 281.852 
511.0 210.0 
557.6222 286.11606 
539.5778 286.51392 
561.00684 306.75006 
536.32117 309.3521 
566.3633 326.75162 
531.7979 324.80072 
511.0 220.0 
511.0 220.0 
511.0 220.0 
511.0 220.0 
511.0 220.0 
557.2229 251.20387 
533.3537 253.0657 
574.64526 261.70102 
524.95 265.42584 
568.6884 279.18765 
511.0 220.0 
556.3736 286.7056 
538.94476 286.57495 
561.14496 309.0416 
535.4296 311.15237 
511.0 220.0 
530.1726 326.4874 
518.0 211.0 
518.0 211.0 
518.0 211.0 
518.0 211.0 
518.0 211.0 
562.10095 249.5209 
536.8076 248.58447 
572.4411 265.05035 
526.38477 266.2768 
518.0 211.0 
518.0 211.0 
558.1261 284.70142 
540.5465 285.09476 
560.8962 305.87372 
536.96747 309.67795 
518.0 211.0 
518.0 211.0 
518.0 223.0 
518.0 223.0 
518.0 223.0 
518.0 223.0 
518.0 223.0 
560.4329 250.28876 
537.9296 246.72716 
518.0 223.0 
526.4327 266.19055 
518.0 223.0 
535.8798 268.30145 
555.7815 284.83646 
539.5331 284.40765 
518.0 223.0 
539.28845 307.03943 
518.0 223.0 
530.395 327.28992 
491.0 206.0 
491.0 206.0 
491.0 206.0 
491.0 206.0 
491.0 206.0 
508.531 239.12701 
533.9183 240.1553 
500.05676 255.7724 
491.0 206.0 
491.0 206.0 
491.0 206.0 
511.7179 274.10477 
528.4605 274.8316 
491.0 206.0 
491.0 206.0 
491.0 206.0 
491.0 206.0 
546.0 215.0 
546.0 215.0 
546.0 215.0 
546.0 215.0 
546.0 215.0 
611.9815 256.56598 
586.66895 251.74649 
546.0 215.0 
566.413 247.21967 
546.0 215.0 
549.83075 238.3394 
603.04254 293.01224 
587.9709 291.95273 
590.4626 318.1164 
591.281 317.7154 
546.0 215.0 
594.919 343.4303 
550.0 217.0 
550.0 217.0 
550.0 217.0 
609.34735 240.32175 
550.0 217.0 
613.6056 256.2081 
587.2044 251.46617 
619.08923 271.96124 
567.35034 242.33952 
550.0 217.0 
550.0 217.0 
604.31256 289.06268 
588.4862 288.54434 
550.0 217.0 
590.5062 315.36722 
550.0 217.0 
550.0 217.0 
492.0 206.0 
492.0 206.0 
492.0 206.0 
492.0 206.0 
492.0 206.0 
533.728 238.03761 
510.47217 239.3129 
546.07245 239.893 
500.56628 255.55904 
492.0 206.0 
492.0 206.0 
530.6583 274.9331 
512.7055 275.55066 
534.16364 303.36694 
508.221 304.8834 
537.4627 333.22598 
504.16132 330.73975 
486.0 207.0 
486.0 207.0 
486.0 207.0 
486.0 207.0 
486.0 207.0 
536.5918 239.26285 
512.9903 240.06496 
550.7806 242.62209 
486.0 207.0 
486.0 207.0 
486.0 207.0 
532.30835 273.75082 
515.3384 273.24258 
532.04065 295.57202 
510.73853 295.2298 
486.0 207.0 
486.0 207.0 
573.0 224.0 
573.0 224.0 
573.0 224.0 
573.0 224.0 
573.0 224.0 
587.7757 254.69284 
609.1822 255.76422 
573.0 224.0 
616.8164 273.4198 
573.0 224.0 
625.7167 287.98953 
587.76996 290.06424 
602.13855 291.0583 
590.637 316.0315 
573.0 224.0 
573.0 224.0 
573.0 224.0 
483.0 205.0 
483.0 205.0 
483.0 205.0 
483.0 205.0 
483.0 205.0 
514.14844 240.0406 
539.2012 239.88641 
503.9128 253.31396 
483.0 205.0 
483.0 205.0 
483.0 205.0 
516.2566 276.88574 
533.2627 275.6832 
510.23404 300.4261 
533.6112 302.54883 
483.0 205.0 
537.6763 329.11835 
491.0 207.0 
491.0 207.0 
491.0 207.0 
491.0 207.0 
491.0 207.0 
514.6634 242.81311 
537.2534 241.7436 
502.96878 254.64551 
491.0 207.0 
491.0 207.0 
491.0 207.0 
515.63776 276.18372 
533.48096 276.70135 
509.25717 302.62378 
533.11487 301.55487 
504.8407 326.81995 
491.0 207.0 
560.0 211.0 
560.0 211.0 
560.0 211.0 
560.0 211.0 
560.0 211.0 
608.498 252.89606 
579.20215 252.09334 
614.2541 274.35046 
560.0 211.0 
610.91626 291.16565 
560.0 211.0 
601.8604 292.94745 
583.3709 291.73187 
560.0 211.0 
560.0 211.0 
560.0 211.0 
560.0 211.0 
555.0 218.0 
555.0 218.0 
555.0 218.0 
555.0 218.0 
555.0 218.0 
608.8188 250.91815 
579.8091 249.08514 
555.0 218.0 
555.0 218.0 
555.0 218.0 
555.0 218.0 
601.43225 299.57977 
583.06775 295.73224 
610.3163 335.2701 
555.0 218.0 
555.0 218.0 
555.0 218.0 
491.0 203.0 
491.0 203.0 
491.0 203.0 
491.0 203.0 
553.9163 224.50406 
529.8119 234.83641 
554.9968 239.27194 
491.0 203.0 
491.0 203.0 
491.0 203.0 
491.0 203.0 
522.38574 276.61313 
536.4315 280.35828 
491.0 203.0 
491.0 203.0 
491.0 203.0 
491.0 203.0 
490.0 198.0 
490.0 198.0 
490.0 198.0 
490.0 198.0 
490.0 198.0 
575.85187 255.2314 
490.0 198.0 
596.6746 263.11047 
490.0 198.0 
608.26306 277.93607 
490.0 198.0 
576.6442 290.03836 
565.4117 290.28113 
566.8739 316.2187 
564.3517 316.22437 
490.0 198.0 
490.0 198.0 
534.0 220.0 
534.0 220.0 
534.0 220.0 
534.0 220.0 
534.0 220.0 
628.93884 254.83185 
534.0 220.0 
612.06165 269.37024 
534.0 220.0 
590.7025 265.0748 
534.0 220.0 
626.91174 289.94647 
534.0 220.0 
612.48596 319.44388 
534.0 220.0 
534.0 220.0 
534.0 220.0 
510.0 217.0 
510.0 217.0 
510.0 217.0 
510.0 217.0 
510.0 217.0 
551.95074 249.49635 
526.5582 249.9235 
563.92456 264.025 
510.0 217.0 
510.0 217.0 
510.0 217.0 
549.52594 286.4501 
532.68115 286.75702 
510.0 217.0 
510.0 217.0 
510.0 217.0 
510.0 217.0 
574.0 215.0 
574.0 215.0 
574.0 215.0 
574.0 215.0 
574.0 215.0 
616.1967 249.76208 
590.456 247.64523 
625.47046 266.403 
574.0 215.0 
574.0 215.0 
574.0 215.0 
609.3965 287.0632 
593.67566 285.85822 
574.0 215.0 
574.0 215.0 
574.0 215.0 
574.0 215.0 
545.0 206.0 
545.0 206.0 
545.0 206.0 
545.0 206.0 
545.0 206.0 
613.0124 246.46709 
588.6691 243.72318 
622.9953 262.90445 
568.70264 251.60034 
545.0 206.0 
553.55096 246.81897 
606.87415 293.92996 
589.2916 290.29108 
545.0 206.0 
545.0 206.0 
545.0 206.0 
545.0 206.0 
535.0 208.0 
535.0 208.0 
535.0 208.0 
535.0 208.0 
535.0 208.0 
586.5647 242.4417 
610.7112 244.88028 
566.6049 251.31732 
535.0 208.0 
535.0 208.0 
535.0 208.0 
587.5002 291.71735 
604.76495 292.4171 
535.0 208.0 
535.0 208.0 
535.0 208.0 
535.0 208.0 
531.0 213.0 
531.0 213.0 
531.0 213.0 
531.0 213.0 
531.0 213.0 
584.54596 241.84518 
612.2809 244.53125 
563.7948 249.43224 
531.0 213.0 
543.0204 249.02808 
531.0 213.0 
531.0 213.0 
531.0 213.0 
531.0 213.0 
531.0 213.0 
531.0 213.0 
531.0 213.0 
517.0 208.0 
517.0 208.0 
517.0 208.0 
517.0 208.0 
517.0 208.0 
582.4131 242.41512 
608.0812 243.13373 
557.9527 252.96765 
617.0487 262.06644 
517.0 208.0 
517.0 208.0 
585.69714 288.9643 
602.6316 290.07074 
517.0 208.0 
517.0 208.0 
517.0 208.0 
517.0 208.0 
534.0 216.0 
534.0 216.0 
534.0 216.0 
591.3225 230.18549 
534.0 216.0 
596.65137 246.07343 
574.97565 247.19968 
612.3213 259.6734 
559.5517 265.71313 
534.0 216.0 
534.0 216.0 
534.0 216.0 
534.0 216.0 
534.0 216.0 
534.0 216.0 
534.0 216.0 
534.0 216.0 
434.0 196.0 
434.0 196.0 
434.0 196.0 
434.0 196.0 
434.0 196.0 
434.0 196.0 
509.08594 231.7519 
434.0 196.0 
434.0 196.0 
434.0 196.0 
434.0 196.0 
487.81955 275.50204 
503.81836 274.85956 
487.0888 306.7516 
502.33118 306.80072 
434.0 196.0 
434.0 196.0 
508.0 205.0 
508.0 205.0 
508.0 205.0 
508.0 205.0 
508.0 205.0 
553.16 239.56625 
558.79016 237.59209 
545.10297 258.97922 
508.0 205.0 
525.0122 262.76105 
508.0 205.0 
551.92957 281.24585 
556.4715 279.46426 
540.9096 311.45148 
508.0 205.0 
508.0 205.0 
508.0 205.0 
520.0 195.0 
520.0 195.0 
520.0 195.0 
520.0 195.0 
520.0 195.0 
551.9064 242.8489 
520.0 195.0 
545.20044 261.06284 
520.0 195.0 
531.60614 263.81573 
520.0 195.0 
550.1909 278.94763 
549.35925 277.8639 
542.05774 307.17957 
520.0 195.0 
520.0 195.0 
520.0 195.0 
446.0 226.0 
446.0 226.0 
446.0 226.0 
446.0 226.0 
446.0 226.0 
461.5112 252.9212 
480.30185 254.15092 
446.0 226.0 
479.62256 278.9451 
446.0 226.0 
446.0 226.0 
452.629 292.7281 
467.6914 294.13947 
446.0 226.0 
446.0 226.0 
446.0 226.0 
446.0 226.0 
443.0 217.0 
443.0 217.0 
443.0 217.0 
443.0 217.0 
443.0 217.0 
461.41205 251.60643 
479.76703 253.71289 
443.0 217.0 
479.14972 277.2242 
443.0 217.0 
443.0 217.0 
452.57925 293.27222 
466.58505 294.49442 
443.0 217.0 
443.0 217.0 
443.0 217.0 
443.0 217.0 
503.0 202.0 
503.0 202.0 
503.0 202.0 
503.0 202.0 
503.0 202.0 
538.49976 248.37137 
553.97076 245.75612 
527.7903 268.65503 
503.0 202.0 
503.0 202.0 
503.0 202.0 
541.16064 291.42593 
554.20105 289.7596 
529.2494 318.2713 
503.0 202.0 
503.0 202.0 
503.0 202.0 
458.0 208.0 
458.0 208.0 
458.0 208.0 
458.0 208.0 
458.0 208.0 
484.14252 254.65933 
501.40253 255.31912 
458.0 208.0 
514.053 274.9131 
458.0 208.0 
458.0 208.0 
482.4868 300.2644 
493.1698 300.29337 
458.0 208.0 
458.0 208.0 
458.0 208.0 
458.0 208.0 
582.0 234.0 
582.0 234.0 
582.0 234.0 
582.0 234.0 
582.0 234.0 
631.0374 272.17868 
603.1225 268.43448 
637.077 296.1771 
582.0 234.0 
629.1961 317.35028 
582.0 234.0 
622.3988 314.1306 
603.07794 312.87772 
582.0 234.0 
582.0 234.0 
582.0 234.0 
582.0 234.0 
553.0 224.0 
553.0 224.0 
553.0 224.0 
553.0 224.0 
553.0 224.0 
598.7894 258.21942 
577.89996 259.94373 
553.0 224.0 
572.92847 276.37558 
553.0 224.0 
553.0 224.0 
590.61273 288.85675 
577.37604 289.24908 
553.0 224.0 
553.0 224.0 
553.0 224.0 
553.0 224.0 
477.0 219.0 
477.0 219.0 
477.0 219.0 
477.0 219.0 
477.0 219.0 
477.0 219.0 
499.95508 255.14297 
477.0 219.0 
491.1386 273.04086 
477.0 219.0 
477.0 219.0 
518.06415 292.1447 
500.73828 291.1398 
522.03253 312.36578 
495.12177 312.1672 
477.0 219.0 
477.0 219.0 
541.0 221.0 
541.0 221.0 
541.0 221.0 
541.0 221.0 
541.0 221.0 
604.9013 253.76614 
578.8843 251.13425 
611.0536 275.22073 
563.13165 258.27676 
541.0 221.0 
552.19965 265.6823 
598.92114 289.1405 
582.1543 287.9966 
597.10254 311.55197 
578.3731 312.08957 
600.61365 338.47852 
574.4709 331.4516 
463.0 235.0 
463.0 235.0 
463.0 235.0 
463.0 235.0 
463.0 235.0 
492.8772 254.8492 
511.36566 260.30655 
463.0 235.0 
463.0 235.0 
463.0 235.0 
463.0 235.0 
480.6552 295.06158 
496.45847 298.93936 
463.0 235.0 
502.1475 323.71326 
463.0 235.0 
502.89926 343.89554 
545.0 221.0 
545.0 221.0 
545.0 221.0 
597.759 238.69528 
545.0 221.0 
604.85187 253.4224 
577.8221 252.24496 
610.99585 272.2869 
567.26294 266.2634 
545.0 221.0 
545.0 221.0 
599.4412 291.69504 
581.8685 290.84952 
598.58575 313.7009 
579.2453 312.77704 
600.83514 339.27905 
573.56995 333.98364 
557.0 220.0 
557.0 220.0 
557.0 220.0 
557.0 220.0 
557.0 220.0 
604.93774 254.57176 
577.14197 252.76799 
611.2666 275.85867 
570.645 272.74393 
557.0 220.0 
557.0 220.0 
599.0528 296.3778 
580.2212 295.66333 
557.0 220.0 
575.2647 325.90314 
557.0 220.0 
557.0 220.0 
556.0 218.0 
585.825 238.67178 
556.0 218.0 
592.0059 239.8445 
556.0 218.0 
602.1072 254.91853 
576.30786 255.64026 
615.20935 268.5781 
556.0 218.0 
619.9053 283.9881 
556.0 218.0 
598.3758 295.2007 
581.1718 294.31827 
599.794 321.88312 
575.62366 314.63602 
600.7764 344.08868 
572.50555 331.25085 
553.0 225.0 
553.0 225.0 
553.0 225.0 
553.0 225.0 
553.0 225.0 
603.95087 255.26057 
579.2303 256.71063 
616.84393 270.0174 
577.38184 273.19623 
620.8938 282.0303 
553.0 225.0 
600.0022 293.53568 
583.6762 293.0884 
600.3773 315.81348 
575.8192 312.8012 
601.7711 340.2052 
572.9699 333.31415 
555.0 225.0 
555.0 225.0 
555.0 225.0 
555.0 225.0 
555.0 225.0 
602.38794 255.0548 
579.1469 258.7689 
614.11523 266.61862 
578.95526 275.14252 
622.8647 279.73825 
555.0 225.0 
599.9589 292.23315 
583.5227 292.7202 
600.4793 315.2997 
575.9208 313.71664 
601.5974 340.35297 
571.7431 333.31403 
564.0 233.0 
564.0 233.0 
564.0 233.0 
564.0 233.0 
564.0 233.0 
605.3229 254.4106 
564.0 233.0 
617.4017 270.84775 
564.0 233.0 
564.0 233.0 
564.0 233.0 
603.70984 289.57208 
585.7143 290.1581 
564.0 233.0 
577.58276 309.2934 
564.0 233.0 
564.0 233.0 
550.0 212.0 
550.0 212.0 
550.0 212.0 
550.0 212.0 
550.0 212.0 
573.9674 250.94344 
596.1883 252.00409 
567.6649 267.1417 
550.0 212.0 
550.0 212.0 
550.0 212.0 
577.40985 283.7976 
594.25616 283.42383 
572.8495 303.48917 
593.1606 305.64206 
568.21094 325.0071 
597.6114 331.81073 
558.0 221.0 
558.0 221.0 
558.0 221.0 
558.0 221.0 
558.0 221.0 
607.00354 256.96793 
582.7866 253.96619 
558.0 221.0 
575.8177 271.0274 
558.0 221.0 
558.0 221.0 
598.8415 291.45142 
583.0227 290.33554 
597.2841 312.38693 
576.4807 309.80777 
597.62805 332.03577 
569.5885 328.29376 
563.0 222.0 
563.0 222.0 
563.0 222.0 
563.0 222.0 
563.0 222.0 
608.26355 256.7612 
585.3909 254.97522 
614.12866 274.80542 
578.8793 271.62717 
563.0 222.0 
574.9054 286.6311 
599.33325 292.9021 
584.75494 291.83722 
597.9548 314.1349 
563.0 222.0 
597.5189 332.1412 
563.0 222.0 
564.0 219.0 
564.0 219.0 
564.0 219.0 
564.0 219.0 
564.0 219.0 
610.50244 258.87503 
585.23895 255.06079 
616.11926 280.6587 
564.0 219.0 
613.3031 302.11102 
564.0 219.0 
602.0085 296.0032 
583.9289 294.0364 
564.0 219.0 
564.0 219.0 
564.0 219.0 
564.0 219.0 
563.0 220.0 
563.0 220.0 
563.0 220.0 
563.0 220.0 
563.0 220.0 
609.0897 257.87448 
582.8837 256.86414 
614.56 277.35107 
576.3973 274.2165 
613.5403 297.35034 
563.0 220.0 
599.99713 297.93323 
583.4254 296.8559 
598.4113 327.45807 
563.0 220.0 
563.0 220.0 
563.0 220.0 
561.0 220.0 
561.0 220.0 
561.0 220.0 
561.0 220.0 
561.0 220.0 
607.96466 259.03525 
582.8509 256.98737 
613.012 277.35675 
576.4817 273.18253 
561.0 220.0 
572.82434 288.03253 
599.73486 293.7931 
583.2826 292.77942 
597.45074 314.65305 
581.7278 312.72244 
561.0 220.0 
580.84766 332.4734 
558.0 225.0 
558.0 225.0 
558.0 225.0 
558.0 225.0 
558.0 225.0 
604.7675 257.73663 
579.0917 255.66635 
611.80383 278.53622 
571.06146 274.908 
608.90674 302.53748 
567.1284 294.66602 
597.03625 298.2873 
579.6708 296.85355 
558.0 225.0 
578.7852 322.35498 
558.0 225.0 
558.0 225.0 
558.0 224.0 
558.0 224.0 
558.0 224.0 
558.0 224.0 
558.0 224.0 
577.51666 255.87996 
604.7351 257.23904 
570.8411 273.7497 
610.7437 277.03766 
558.0 224.0 
558.0 224.0 
580.61615 291.68384 
598.3727 292.80383 
578.621 312.71472 
596.8425 313.97327 
577.6975 332.62152 
596.00214 333.68317 
558.0 217.0 
558.0 217.0 
558.0 217.0 
558.0 217.0 
558.0 217.0 
577.4414 256.4064 
605.06726 257.18466 
570.27356 274.48984 
611.6471 277.75433 
558.0 217.0 
558.0 217.0 
581.0777 294.13306 
599.25073 295.18335 
579.37274 317.05194 
597.3307 317.9533 
578.8906 337.0766 
558.0 217.0 
557.0 220.0 
557.0 220.0 
557.0 220.0 
557.0 220.0 
557.0 220.0 
576.6302 255.44298 
604.3449 257.2259 
570.4835 274.03973 
611.3941 278.00458 
557.0 220.0 
557.0 220.0 
580.0742 291.14783 
598.58405 292.31067 
578.63354 312.7531 
596.62067 314.17993 
578.656 334.74545 
595.567 337.28168 
472.0 241.0 
472.0 241.0 
472.0 241.0 
472.0 241.0 
472.0 241.0 
486.23615 269.5343 
503.4512 272.2597 
472.0 241.0 
507.87997 296.6373 
472.0 241.0 
525.8388 293.9038 
485.23044 315.1805 
499.2034 317.0507 
487.7586 347.28888 
506.2988 345.9207 
472.0 241.0 
472.0 241.0 
472.0 235.0 
472.0 235.0 
472.0 235.0 
472.0 235.0 
472.0 235.0 
487.53906 269.6764 
501.1387 271.74677 
472.0 235.0 
508.43292 296.92413 
472.0 235.0 
525.25745 291.63095 
486.92865 315.30023 
498.4715 318.62778 
472.0 235.0 
512.0588 345.77466 
472.0 235.0 
472.0 235.0 
473.0 237.0 
473.0 237.0 
473.0 237.0 
473.0 237.0 
473.0 237.0 
487.2452 271.43796 
501.77475 272.99124 
473.0 237.0 
506.54828 297.14035 
473.0 237.0 
526.07874 291.1112 
487.18515 314.2989 
499.4112 315.98108 
473.0 237.0 
512.4081 341.84528 
473.0 237.0 
509.60718 365.03894 
477.0 245.0 
477.0 245.0 
477.0 245.0 
477.0 245.0 
477.0 245.0 
477.0 245.0 
501.94705 275.81906 
477.0 245.0 
514.7854 297.0834 
477.0 245.0 
531.5009 285.73602 
477.0 245.0 
502.9217 327.5271 
477.0 245.0 
477.0 245.0 
477.0 245.0 
477.0 245.0 
566.0 216.0 
566.0 216.0 
566.0 216.0 
566.0 216.0 
566.0 216.0 
592.2575 259.4205 
626.2891 261.95645 
566.0 216.0 
566.0 216.0 
566.0 216.0 
566.0 216.0 
596.24713 335.15674 
619.00867 334.76297 
602.94977 386.69147 
632.3602 384.94333 
566.0 216.0 
653.30896 436.78375 
578.0 221.0 
578.0 221.0 
578.0 221.0 
578.0 221.0 
578.0 221.0 
597.44604 261.04358 
630.8042 260.938 
586.44354 292.2657 
637.59814 291.65683 
578.0 221.0 
578.0 221.0 
604.52527 322.21936 
625.0417 322.14337 
578.0 221.0 
578.0 221.0 
578.0 221.0 
578.0 221.0 
582.0 221.0 
582.0 221.0 
582.0 221.0 
582.0 221.0 
582.0 221.0 
633.25214 259.3327 
606.46826 256.08643 
638.18005 281.32983 
595.3689 279.0969 
582.0 221.0 
592.24976 301.24738 
626.05286 301.6155 
607.6985 300.42413 
582.0 221.0 
582.0 221.0 
582.0 221.0 
582.0 221.0 
534.0 231.0 
534.0 231.0 
534.0 231.0 
534.0 231.0 
534.0 231.0 
563.17035 261.7099 
588.3543 260.9622 
553.2397 283.08423 
599.71783 282.192 
534.0 231.0 
615.6777 302.3597 
563.46356 301.91443 
578.0602 305.32376 
534.0 231.0 
534.0 231.0 
534.0 231.0 
534.0 231.0 
536.0 235.0 
536.0 235.0 
536.0 235.0 
536.0 235.0 
536.0 235.0 
590.6324 261.59717 
566.3567 260.3005 
601.6446 279.42224 
559.28174 277.88315 
536.0 235.0 
536.0 235.0 
582.8178 300.23657 
566.9434 298.89435 
575.4944 323.83087 
566.8641 323.92227 
536.0 235.0 
536.0 235.0 
