0 318.3673 216.88976 
1 319.1395 213.19672 
2 314.45142 213.70464 
3 284.0 190.0 
4 305.5281 216.28119 
5 328.34583 232.01956 
6 297.4603 238.59299 
7 341.92303 254.57654 
8 292.57718 267.9572 
9 354.19705 274.7786 
10 294.97592 292.95016 
11 327.3279 288.84537 
12 309.58127 292.15973 
13 327.96985 323.552 
14 321.57382 324.89307 
15 316.36203 354.03818 
16 336.31955 365.72662 
0 321.028 217.58241 
1 322.14142 213.90875 
2 317.12515 214.74979 
3 286.0 192.0 
4 307.98972 217.03006 
5 329.39334 233.4852 
6 299.8209 239.1098 
7 343.66763 255.83347 
8 294.46906 269.01367 
9 355.12476 275.80756 
10 297.08057 294.6578 
11 329.15155 291.02164 
12 312.62833 294.1565 
13 320.70343 325.30255 
14 326.35098 326.8153 
15 310.7081 356.399 
16 339.75272 369.17438 
0 322.24817 216.9123 
1 323.3487 213.13985 
2 318.20206 213.9235 
3 287.0 192.0 
4 309.70734 216.78967 
5 331.92007 232.88658 
6 302.3748 240.00113 
7 345.48154 255.87337 
8 296.43994 269.92883 
9 355.9429 276.01782 
10 298.7734 294.31958 
11 333.78607 289.5915 
12 316.15842 292.8545 
13 325.38763 323.98273 
14 328.99814 325.75897 
15 312.17383 351.36108 
16 339.1595 366.86987 
0 324.36166 216.48016 
1 325.04617 213.03967 
2 320.76282 213.83742 
3 288.0 192.0 
4 312.26913 216.45015 
5 332.71188 232.73804 
6 303.70267 239.96399 
7 346.71872 253.95615 
8 298.83423 271.06094 
9 355.2843 275.2267 
10 301.22244 295.7953 
11 335.09058 290.07318 
12 317.76736 294.71863 
13 331.8668 325.7691 
14 332.1272 328.07452 
15 313.36655 352.70734 
16 341.12012 369.97314 
0 326.4726 217.2783 
1 327.0895 213.65237 
2 322.8151 214.61565 
3 289.0 192.0 
4 314.09454 216.9483 
5 334.6919 232.1354 
6 305.57953 240.57404 
7 347.98953 254.28528 
8 300.77063 270.9529 
9 355.87192 275.4774 
10 302.96155 295.949 
11 339.06342 289.0363 
12 321.1258 293.68097 
13 337.69028 325.43488 
14 332.36993 327.95993 
15 320.84842 346.50812 
16 341.00394 369.18292 
0 328.09097 217.5645 
1 329.32294 213.71004 
2 324.37042 214.33124 
3 290.0 192.0 
4 316.11975 216.42313 
5 337.4658 232.75937 
6 308.19604 239.86531 
7 349.8156 256.7693 
8 302.12634 270.5537 
9 356.90936 278.0368 
10 305.28305 296.11426 
11 340.63068 289.85535 
12 323.26025 294.11804 
13 338.66772 324.31866 
14 332.9647 327.2536 
15 320.44614 344.57587 
16 341.4133 368.654 
0 330.60016 216.99855 
1 332.011 213.57268 
2 326.87344 213.92291 
3 291.0 192.0 
4 318.6244 216.22067 
5 340.30487 233.70576 
6 310.20944 239.13545 
7 350.98563 257.69656 
8 305.05176 269.4299 
9 357.58835 279.74783 
10 306.6549 294.46344 
11 342.39886 288.62576 
12 324.47635 293.2933 
13 341.97195 323.43353 
14 331.90036 327.0728 
15 325.64038 347.56873 
16 340.9893 368.3565 
0 333.82477 216.7813 
1 335.2845 213.54787 
2 330.1109 213.61362 
3 293.0 193.0 
4 320.92764 215.5688 
5 341.20892 234.04926 
6 311.91678 239.27087 
7 352.46625 259.29974 
8 307.1746 269.9642 
9 359.03525 281.1004 
10 310.10263 294.21405 
11 344.96338 289.19824 
12 325.947 293.75882 
13 345.7911 321.98077 
14 331.62543 327.73987 
15 293.0 193.0 
16 340.881 368.15994 
0 335.57184 216.4356 
1 336.768 213.17474 
2 331.68372 213.29651 
3 295.0 193.0 
4 322.65778 215.40123 
5 342.66052 233.48671 
6 314.36887 238.04965 
7 353.67426 259.43597 
8 309.92007 268.24734 
9 359.25958 280.98718 
10 312.7917 293.10956 
11 346.46567 288.87207 
12 328.09155 293.48682 
13 347.08475 320.9754 
14 332.5754 326.18622 
15 295.0 193.0 
16 341.137 366.2896 
0 337.98132 217.33087 
1 339.2107 213.91939 
2 334.81885 213.83997 
3 296.0 192.0 
4 325.4354 214.64336 
5 345.43066 233.91537 
6 316.4843 237.73013 
7 355.31192 260.81113 
8 311.35233 268.54437 
9 360.71143 283.83905 
10 314.08646 293.49487 
11 348.528 290.2082 
12 329.11383 294.12903 
13 350.4535 324.7793 
14 333.60495 328.2652 
15 340.41943 353.3079 
16 340.86176 365.8978 
0 339.67465 216.38792 
1 340.53583 213.16833 
2 336.41055 212.90744 
3 299.0 191.0 
4 327.09 214.11087 
5 346.656 233.16637 
6 317.56128 238.39542 
7 356.00476 260.1997 
8 313.31924 268.92474 
9 361.89093 281.5923 
10 317.30133 293.63077 
11 351.0202 289.92273 
12 331.23965 293.49835 
13 355.7866 325.91248 
14 334.5136 330.74792 
15 348.37692 355.7804 
16 340.31546 367.1861 
0 341.65094 216.62175 
1 343.0056 213.31381 
2 338.35675 212.94632 
3 301.0 191.0 
4 329.25073 214.1357 
5 348.97308 233.9195 
6 319.98962 238.33096 
7 358.3037 261.9405 
8 315.32092 268.78015 
9 362.79037 285.07294 
10 319.76358 293.68216 
11 353.52585 290.90277 
12 332.70288 294.45847 
13 359.9398 327.0426 
14 336.03397 330.8162 
15 352.2396 358.397 
16 340.2613 367.2506 
0 343.8354 216.92528 
1 345.07614 213.50185 
2 340.34924 213.50197 
3 303.0 191.0 
4 331.15213 214.8163 
5 350.0833 234.12656 
6 321.96063 237.56949 
7 359.14758 261.54575 
8 317.16263 267.3591 
9 363.31503 285.54837 
10 321.32608 292.0343 
11 351.8262 288.42163 
12 332.50928 291.69678 
13 357.05975 326.14258 
14 335.15646 328.6839 
15 303.0 191.0 
16 340.65897 366.62878 
0 346.3107 217.91759 
1 347.45242 213.94269 
2 343.06314 214.55789 
3 308.0 192.0 
4 333.48422 216.02934 
5 352.43573 235.0697 
6 324.6969 238.43732 
7 360.68466 263.44717 
8 319.3669 267.69632 
9 365.79706 289.19543 
10 323.8011 292.24133 
11 354.62872 289.22464 
12 334.87708 292.7553 
13 366.48868 325.3997 
14 336.19943 328.93195 
15 366.93124 363.06982 
16 340.79044 367.88214 
0 348.16617 217.81142 
1 349.23837 213.84442 
2 344.43365 214.45325 
3 314.0 191.0 
4 334.83478 215.8532 
5 354.51843 235.55028 
6 326.74878 238.66644 
7 362.2272 264.27997 
8 322.5863 268.46808 
9 367.46698 288.19266 
10 327.04434 293.21136 
11 359.42142 289.2921 
12 338.58746 292.9472 
13 372.1956 325.7332 
14 338.03125 331.0959 
15 374.6032 365.8164 
16 341.349 368.70215 
0 351.19034 218.5065 
1 352.5514 214.33273 
2 347.8641 214.61841 
3 311.0 192.0 
4 338.17023 215.74223 
5 357.24557 236.22958 
6 329.20602 239.36142 
7 364.68915 265.5963 
8 324.4156 269.62723 
9 369.9445 291.02386 
10 330.2837 293.87848 
11 361.15778 292.06223 
12 340.44833 293.7887 
13 374.4365 327.69238 
14 337.80637 331.80658 
15 382.45807 369.89175 
16 341.20364 368.7027 
0 353.2558 218.58113 
1 354.5442 214.6507 
2 349.83252 215.1315 
3 315.0 193.0 
4 340.70898 216.69331 
5 359.70242 235.98737 
6 331.73972 239.69379 
7 366.98367 265.28275 
8 327.1308 269.971 
9 371.7967 289.7916 
10 332.548 294.1972 
11 363.57678 291.70966 
12 343.01932 293.92014 
13 374.99875 327.03406 
14 340.05917 330.89114 
15 388.4097 368.44238 
16 341.17365 367.00806 
0 356.10278 219.16661 
1 357.00482 215.2956 
2 352.46323 215.3493 
3 318.0 184.0 
4 343.22543 216.97801 
5 361.8967 237.32205 
6 333.33267 241.51102 
7 370.17844 266.2149 
8 329.89084 272.63516 
9 373.9751 289.9244 
10 334.84152 296.5596 
11 366.35852 293.28204 
12 346.8646 296.78146 
13 378.0355 329.1421 
14 342.15076 332.23914 
15 392.9492 369.5591 
16 341.56226 366.87592 
0 358.8349 220.05219 
1 359.90338 215.99896 
2 355.4579 216.00792 
3 321.0 183.0 
4 345.3583 216.59169 
5 364.9428 237.86884 
6 335.99905 241.78903 
7 373.2223 266.3084 
8 332.54474 272.36844 
9 377.33154 289.0087 
10 337.7553 297.29727 
11 369.30655 291.9079 
12 349.43896 295.48358 
13 379.17642 326.99677 
14 344.3424 331.3354 
15 393.07306 367.95975 
16 341.5534 366.89636 
0 361.26096 220.62148 
1 361.86035 215.98053 
2 357.37503 216.84114 
3 323.0 191.0 
4 347.90634 218.67175 
5 367.28455 238.07347 
6 339.8674 241.63538 
7 374.58057 266.69855 
8 335.8196 272.17377 
9 323.0 191.0 
10 340.97073 297.26505 
11 372.561 292.69165 
12 353.27884 295.80127 
13 382.4288 328.69458 
14 346.87354 331.23407 
15 394.47705 370.39633 
16 342.34976 365.90576 
0 363.91788 220.38812 
1 365.005 216.75937 
2 359.92575 217.07397 
3 324.0 184.0 
4 351.1361 218.91092 
5 370.4401 238.97462 
6 341.99655 242.57265 
7 378.7132 267.6848 
8 338.2411 273.85742 
9 382.19437 289.61676 
10 343.91693 298.76987 
11 374.2265 293.79462 
12 354.59 297.73114 
13 385.2336 330.24683 
14 347.63312 333.25684 
15 395.1582 371.44556 
16 342.5837 366.97888 
0 367.07144 219.82916 
1 367.7545 216.1878 
2 363.18378 216.63074 
3 326.0 192.0 
4 353.9433 219.07489 
5 373.5205 238.45709 
6 344.88477 242.28564 
7 381.45227 266.1542 
8 341.4761 274.06494 
9 386.8554 288.6582 
10 345.92856 299.57938 
11 378.7976 293.575 
12 357.71133 296.89236 
13 386.74475 328.8557 
14 350.11658 331.22736 
15 394.5624 370.57303 
16 342.92447 367.67157 
0 368.7428 219.3385 
1 370.1206 215.88933 
2 364.8307 216.272 
3 335.0 192.0 
4 356.3735 218.87708 
5 376.9433 238.77455 
6 347.736 242.42784 
7 385.00116 265.89832 
8 345.20483 274.72455 
9 390.47473 288.00726 
10 349.4192 300.1183 
11 383.86078 294.26678 
12 362.23218 297.90912 
13 388.91083 328.98407 
14 356.20358 332.35663 
15 394.78555 370.86047 
16 343.72617 366.35535 
0 371.80756 217.58334 
1 372.76978 214.07669 
2 367.4561 214.29959 
3 336.0 192.0 
4 359.2543 217.04971 
5 379.45798 237.4395 
6 350.6206 241.43948 
7 387.7726 265.24054 
8 347.85406 273.43668 
9 393.47867 287.07922 
10 351.47824 299.80136 
11 386.65625 294.88293 
12 365.99158 298.248 
13 390.84314 331.69724 
14 359.26236 331.43854 
15 395.28134 370.86182 
16 345.68195 364.00504 
0 376.14658 218.60675 
1 377.21335 215.32936 
2 372.77798 215.38376 
3 337.0 195.0 
4 363.25024 216.99028 
5 382.64496 236.65692 
6 353.1068 241.24617 
7 391.55423 262.4531 
8 349.20074 272.48645 
9 397.5301 283.81952 
10 352.82907 298.28278 
11 389.22958 291.86566 
12 369.20636 295.82037 
13 392.35687 330.09827 
14 362.8094 331.03473 
15 395.26288 369.85284 
16 347.8304 365.2303 
0 378.64474 218.08176 
1 379.92123 214.34311 
2 374.86478 214.9796 
3 339.0 193.0 
4 365.3272 217.10315 
5 385.3996 235.91734 
6 356.4016 240.60011 
7 395.1529 262.37714 
8 351.16406 271.91647 
9 401.18347 283.97638 
10 354.96204 298.82602 
11 391.80597 291.93622 
12 372.49152 296.20117 
13 393.36932 331.30194 
14 366.04364 334.0874 
15 394.82544 371.47562 
16 350.1698 362.8885 
0 380.32892 217.99323 
1 381.58884 214.48978 
2 376.4548 214.89716 
3 340.0 186.0 
4 367.3082 216.94641 
5 387.38165 235.33444 
6 358.06415 239.72809 
7 398.38007 261.98163 
8 353.7859 271.61273 
9 406.08176 282.8335 
10 357.44092 299.38388 
11 394.02994 292.6624 
12 373.4306 296.89575 
13 395.19098 332.70187 
14 370.60037 334.6892 
15 396.1293 372.69144 
16 354.7463 358.21527 
0 383.5937 217.87566 
1 384.3722 213.7469 
2 379.0968 214.90039 
3 343.0 192.0 
4 370.02032 217.7014 
5 390.2529 234.58801 
6 360.63406 241.30836 
7 401.46808 261.1128 
8 355.9177 272.80997 
9 409.3048 283.6489 
10 359.08264 298.93176 
11 396.47943 294.81195 
12 376.14474 298.51996 
13 397.71634 334.0209 
14 374.00464 336.48993 
15 396.38486 372.37158 
16 358.8116 361.02087 
0 384.77344 217.92148 
1 386.1435 214.14217 
2 380.48343 215.05896 
3 345.0 193.0 
4 371.32455 217.73448 
5 391.94586 234.80188 
6 362.23584 240.48212 
7 404.34256 260.34424 
8 357.4057 272.20636 
9 412.89282 282.82117 
10 361.34436 298.4795 
11 397.36456 294.18454 
12 377.63678 296.7502 
13 398.21307 333.28033 
14 378.96112 333.94446 
15 396.56094 371.55896 
16 365.17798 359.90518 
0 386.39932 217.96976 
1 387.21814 214.38324 
2 383.00107 214.70877 
3 348.0 192.0 
4 373.73117 217.05728 
5 394.12842 234.88954 
6 364.61142 241.09378 
7 407.23727 259.37848 
8 359.35995 272.72626 
9 416.4383 279.88513 
10 363.33923 299.0487 
11 398.167 295.56857 
12 379.21136 299.32913 
13 399.5921 333.87265 
14 382.2375 334.6931 
15 396.33905 371.42303 
16 370.22675 362.46576 
0 388.6984 218.11362 
1 389.37515 214.33505 
2 384.61102 214.92368 
3 351.0 185.0 
4 375.54288 216.95488 
5 396.0091 234.52213 
6 366.16003 240.50821 
7 409.17023 258.392 
8 361.35306 273.3948 
9 420.503 280.6787 
10 366.09915 299.79285 
11 399.72464 295.35843 
12 380.78925 298.4855 
13 399.43658 334.7033 
14 384.0918 334.71313 
15 397.54486 371.8875 
16 377.5601 370.71997 
0 390.75757 218.14087 
1 391.38577 214.3377 
2 386.60468 214.78775 
3 353.0 186.0 
4 377.79434 216.67867 
5 398.05127 234.65106 
6 367.92123 241.0079 
7 412.20746 259.3246 
8 363.54428 273.7235 
9 424.33105 281.05234 
10 368.24792 299.87177 
11 400.88843 295.8764 
12 382.3536 298.68008 
13 400.61533 335.04965 
14 387.58334 335.54242 
15 397.25964 372.08234 
16 384.11533 372.8341 
0 392.9198 218.07416 
1 393.84985 213.75522 
2 388.2667 214.74637 
3 356.0 189.0 
4 379.36038 218.00667 
5 400.24158 235.2706 
6 370.55328 241.4731 
7 414.79596 261.35614 
8 365.15204 273.32272 
9 427.73907 281.43353 
10 369.90256 299.44406 
11 402.7626 296.09622 
12 384.86182 298.5244 
13 401.57928 335.16776 
14 390.6039 336.81836 
15 396.87106 372.49573 
16 390.03745 376.3398 
0 395.4587 219.00002 
1 396.04718 214.8015 
2 391.23907 215.2088 
3 358.0 190.0 
4 381.06387 217.44981 
5 401.8838 235.5837 
6 372.0417 242.09154 
7 417.23624 260.99426 
8 367.17487 273.84964 
9 430.2333 281.26324 
10 371.17267 299.4742 
11 405.12875 296.88855 
12 387.5266 299.4301 
13 403.3527 335.91406 
14 392.95676 338.57117 
15 398.74915 374.21466 
16 395.30933 379.1703 
0 396.2579 219.22984 
1 397.49515 215.59747 
2 392.5067 215.81467 
3 360.0 191.0 
4 382.64902 217.8037 
5 403.56805 236.91832 
6 373.59943 242.1171 
7 419.2245 261.42056 
8 368.29596 274.1221 
9 432.3474 281.53717 
10 372.91278 299.73395 
11 406.30487 297.77213 
12 389.2513 301.7098 
13 401.82852 337.77426 
14 395.3858 338.78787 
15 397.54736 377.02023 
16 400.02808 380.83017 
0 397.832 219.69171 
1 398.39944 215.79312 
2 393.41525 216.6459 
3 362.0 193.0 
4 383.97104 219.73378 
5 405.62445 236.69336 
6 374.94275 243.51941 
7 420.38123 261.46225 
8 370.12985 275.68365 
9 433.30368 279.81903 
10 374.22852 300.4204 
11 407.9649 299.51575 
12 390.74414 303.05084 
13 403.26904 341.84576 
14 397.7782 342.83582 
15 404.34372 383.2892 
16 400.49814 385.7381 
0 399.7755 220.61536 
1 400.73923 216.66273 
2 395.0777 217.39102 
3 364.0 193.0 
4 385.70352 220.36363 
5 407.20694 237.78534 
6 377.19794 244.18607 
7 421.6806 261.35083 
8 371.80734 276.14807 
9 433.8477 280.22574 
10 374.9407 301.76053 
11 409.14264 299.14243 
12 392.03314 303.05283 
13 405.44775 340.22278 
14 399.7978 341.94397 
15 397.441 380.20618 
16 407.88583 385.14276 
0 402.38867 221.7915 
1 402.93008 217.59148 
2 398.0886 218.00798 
3 365.0 193.0 
4 387.81274 219.95284 
5 408.64587 238.46536 
6 379.23715 245.32431 
7 423.89435 263.12338 
8 373.7037 276.61926 
9 437.40387 284.22156 
10 376.89676 302.40402 
11 411.4628 299.96136 
12 394.20193 303.36206 
13 409.2641 337.22522 
14 401.671 339.74454 
15 365.0 193.0 
16 408.195 379.3461 
0 403.2446 222.71254 
1 404.13623 218.65495 
2 398.98618 218.88292 
3 367.0 194.0 
4 389.39188 221.11914 
5 410.4188 239.52829 
6 380.80142 245.31296 
7 425.35928 264.21228 
8 375.70676 278.0254 
9 438.22308 284.8184 
10 378.81952 303.80508 
11 412.99875 301.31744 
12 395.7083 304.12714 
13 407.45044 342.1457 
14 405.154 343.545 
15 397.62823 383.0954 
16 416.29 385.8357 
0 405.74377 223.19681 
1 406.07507 218.94577 
2 401.36288 219.73462 
3 368.0 195.0 
4 390.8635 222.58511 
5 412.54318 240.25198 
6 382.1561 247.54814 
7 426.77762 265.62936 
8 377.14786 279.20978 
9 438.92224 286.84222 
10 380.04755 306.10727 
11 414.96457 301.7011 
12 397.5613 305.62653 
13 409.03354 341.28558 
14 407.55127 342.35385 
15 397.09714 379.20502 
16 418.8408 385.1915 
0 406.99512 225.92178 
1 407.69824 221.33531 
2 402.65674 222.24403 
3 368.0 196.0 
4 393.1696 223.7951 
5 413.41196 240.67567 
6 384.1434 248.26187 
7 427.77295 266.54358 
8 378.6781 280.40372 
9 439.36206 288.2311 
10 382.7274 307.47537 
11 415.91074 302.21985 
12 398.52603 306.0652 
13 407.95978 342.71042 
14 410.44913 343.5112 
15 397.46524 379.54623 
16 421.067 385.70148 
0 408.7458 226.11324 
1 409.57333 221.36935 
2 404.31787 222.42923 
3 369.0 197.0 
4 394.9389 223.64725 
5 415.20575 241.13736 
6 386.2232 248.57182 
7 428.0502 266.62143 
8 380.7411 281.29547 
9 437.95203 289.90936 
10 384.69922 308.40143 
11 417.04556 304.23856 
12 400.40546 308.0117 
13 407.8222 342.47028 
14 412.69537 344.09973 
15 397.6888 375.7516 
16 422.71655 386.99228 
0 409.7621 224.68034 
1 410.78943 220.68042 
2 405.19785 221.1405 
3 370.0 198.0 
4 396.57358 223.76067 
5 416.84583 241.43143 
6 388.0582 248.49356 
7 429.1444 266.95847 
8 383.2065 280.74588 
9 436.7492 289.93878 
10 386.36398 308.33044 
11 419.11545 302.37497 
12 403.02036 306.83542 
13 411.68808 340.8244 
14 413.7974 344.0024 
15 397.94775 370.57697 
16 423.79398 388.79718 
0 411.66333 224.18784 
1 412.87866 220.56091 
2 406.9348 220.99152 
3 371.0 197.0 
4 398.603 224.30475 
5 418.7717 241.00235 
6 389.70047 248.47952 
7 430.70197 266.87396 
8 385.32202 281.27402 
9 436.68457 290.12195 
10 387.94614 308.61752 
11 421.02237 302.44193 
12 404.74927 307.39282 
13 417.26547 341.64386 
14 414.72778 344.08276 
15 400.65152 367.63147 
16 424.65872 388.62476 
0 413.8219 224.85577 
1 414.71143 220.70099 
2 409.84225 221.75977 
3 372.0 197.0 
4 400.5948 223.99388 
5 420.69867 241.6373 
6 391.75034 249.20229 
7 431.55978 268.02905 
8 387.16144 282.0491 
9 436.08673 290.4527 
10 390.26242 309.38464 
11 422.4865 304.21805 
12 406.04385 308.1485 
13 421.25928 341.79034 
14 416.0455 344.57983 
15 406.8229 365.84418 
16 423.9077 388.04535 
0 416.3212 225.00208 
1 417.27002 220.89711 
2 411.8478 221.61707 
3 381.0 197.0 
4 401.86716 224.15187 
5 423.21606 242.83574 
6 393.96115 248.5536 
7 432.3408 270.09253 
8 388.92856 282.4425 
9 436.04593 294.3687 
10 392.29974 309.35425 
11 425.55026 302.07672 
12 407.8922 306.1758 
13 421.2483 341.70203 
14 415.1012 343.77335 
15 381.0 197.0 
16 423.70856 387.3238 
0 417.1631 223.80385 
1 418.8275 219.60199 
2 412.22186 220.31221 
3 382.0 197.0 
4 402.67535 223.2472 
5 425.0716 242.76782 
6 396.30435 249.0496 
7 433.6685 270.95306 
8 391.04486 282.09924 
9 382.0 197.0 
10 394.9969 309.29535 
11 428.87595 302.71652 
12 411.29987 307.00278 
13 427.27658 338.10806 
14 415.6768 342.8435 
15 382.0 197.0 
16 423.90424 388.12827 
0 420.3399 225.30362 
1 421.33292 220.85074 
2 415.98233 221.33214 
3 384.0 197.0 
4 406.12628 223.41206 
5 426.67804 243.84833 
6 397.61508 249.37044 
7 435.13464 273.23843 
8 393.80057 282.72803 
9 384.0 197.0 
10 397.39746 310.10214 
11 430.08444 303.5962 
12 411.3382 307.66214 
13 429.62634 340.82007 
14 415.75662 344.8947 
15 384.0 197.0 
16 423.93274 386.9569 
0 423.78577 226.84332 
1 424.34494 221.7989 
2 419.68335 222.91196 
3 385.0 197.0 
4 409.54767 225.15674 
5 428.19147 243.89244 
6 399.6706 249.36768 
7 436.39178 273.75327 
8 395.81754 282.7406 
9 385.0 197.0 
10 399.53195 309.78845 
11 430.3819 305.55148 
12 413.015 309.0092 
13 428.0324 343.6046 
14 417.53113 345.78986 
15 385.0 197.0 
16 423.98468 387.85797 
0 424.67538 227.20634 
1 426.04813 222.87018 
2 420.79327 222.97963 
3 386.0 197.0 
4 410.963 224.51257 
5 429.748 244.12732 
6 401.42838 249.12326 
7 437.99832 272.8551 
8 396.74582 281.24915 
9 386.0 197.0 
10 401.65146 309.8528 
11 431.46368 303.76935 
12 415.0952 307.00684 
13 427.64856 344.68085 
14 418.67435 345.6297 
15 386.0 197.0 
16 424.08304 386.96387 
0 426.64517 227.44691 
1 427.9369 222.86612 
2 422.22366 223.83917 
3 389.0 197.0 
4 412.44214 225.44098 
5 431.92828 244.47646 
6 403.82358 249.15948 
7 439.1906 273.49197 
8 400.02475 281.69815 
9 389.0 197.0 
10 404.7291 309.29105 
11 435.28223 302.097 
12 417.99878 306.64697 
13 434.26154 343.4712 
14 420.77216 345.33725 
15 427.59805 377.255 
16 423.98782 387.32324 
0 428.0918 226.61565 
1 430.12985 222.28868 
2 424.01855 222.70912 
3 384.0 197.0 
4 414.06693 223.64403 
5 432.54752 245.20964 
6 403.99796 249.75444 
7 440.98593 275.88556 
8 402.5171 283.09756 
9 384.0 197.0 
10 407.4142 309.5334 
11 435.75754 304.58954 
12 417.41364 307.7568 
13 438.71432 341.77313 
14 421.25455 345.80603 
15 432.8438 374.12885 
16 423.72256 384.83618 
0 430.99786 226.97054 
1 432.15375 222.81067 
2 427.15097 223.25041 
3 387.0 198.0 
4 416.1873 223.99982 
5 435.5363 245.85983 
6 405.93695 249.16495 
7 443.46198 275.5719 
8 404.35254 282.02612 
9 447.34744 298.4028 
10 409.73752 309.30627 
11 437.72443 305.60437 
12 419.0446 308.76715 
13 440.28036 343.81674 
14 421.41483 347.1072 
15 436.62207 376.94336 
16 423.37103 385.68597 
0 431.96924 227.40132 
1 434.00577 222.9599 
2 427.9725 223.22446 
3 390.0 197.0 
4 418.08237 224.78253 
5 437.2876 246.27 
6 407.8168 249.30322 
7 445.36316 279.04712 
8 406.5431 281.71866 
9 390.0 197.0 
10 413.42477 308.94986 
11 438.33334 304.6458 
12 420.90237 307.78644 
13 436.37106 345.23007 
14 423.10025 345.9568 
15 433.52637 382.42822 
16 424.31226 387.13013 
0 395.0 199.0 
1 395.0 199.0 
2 395.0 199.0 
3 395.0 199.0 
4 420.7226 225.67648 
5 438.8679 246.53902 
6 410.9838 251.18321 
7 447.221 275.71368 
8 408.89993 282.46167 
9 395.0 199.0 
10 416.7739 310.09988 
11 442.0737 307.00458 
12 423.39594 310.7497 
13 445.87448 346.19534 
14 422.38446 347.41245 
15 449.22437 384.95953 
16 424.21735 388.5879 
0 437.8978 228.86604 
1 392.0 198.0 
2 434.12036 224.90173 
3 392.0 198.0 
4 423.11426 225.35675 
5 440.84314 245.84488 
6 411.67023 250.7727 
7 449.46707 274.43765 
8 410.84406 282.6077 
9 455.00824 296.61646 
10 419.80103 309.93033 
11 445.82617 303.786 
12 426.2046 308.04865 
13 454.4289 341.68463 
14 424.80246 346.8295 
15 457.93155 385.8294 
16 425.02902 388.6258 
0 438.90018 229.8514 
1 440.14398 225.05933 
2 434.63336 225.96147 
3 396.0 199.0 
4 424.25812 226.95563 
5 443.44904 247.98001 
6 414.2162 251.4816 
7 451.58948 277.95358 
8 413.3546 283.44455 
9 456.70667 301.06116 
10 422.95755 309.8744 
11 449.9781 306.70392 
12 428.82196 310.32013 
13 459.3651 346.2771 
14 423.94357 348.80066 
15 466.93173 389.10565 
16 425.21692 390.45102 
0 442.24844 229.41531 
1 399.0 199.0 
2 438.4588 225.80095 
3 399.0 199.0 
4 427.65915 226.82465 
5 445.76096 248.37567 
6 417.31784 251.86667 
7 453.90097 277.3051 
8 415.6594 282.6641 
9 459.12448 300.3905 
10 426.96808 309.00314 
11 451.47968 307.80017 
12 431.56775 310.4015 
13 459.20428 346.77362 
14 425.77863 348.69977 
15 471.96378 390.15143 
16 424.69092 389.37097 
0 444.31485 233.92978 
1 403.0 199.0 
2 440.28873 229.97533 
3 403.0 199.0 
4 430.29413 229.27649 
5 448.29843 248.82675 
6 419.4998 253.02475 
7 456.95505 275.86975 
8 417.9151 283.382 
9 461.6622 300.08524 
10 430.90936 309.29712 
11 451.08368 304.8888 
12 432.21783 309.7603 
13 460.00128 345.07343 
14 427.10242 347.26938 
15 473.27167 389.4559 
16 424.859 388.56296 
0 406.0 200.0 
1 406.0 200.0 
2 406.0 200.0 
3 406.0 200.0 
4 432.78357 228.0014 
5 451.14294 250.04085 
6 421.86792 253.40894 
7 459.9721 278.2532 
8 420.36578 283.78168 
9 464.10492 301.84314 
10 434.1948 308.9118 
11 454.98996 308.09265 
12 433.4125 311.2456 
13 462.6754 347.8888 
14 428.22736 348.2107 
15 474.76593 391.17877 
16 425.1495 388.87277 
0 449.89697 232.88261 
1 407.0 200.0 
2 445.86316 229.0265 
3 407.0 200.0 
4 435.27945 229.83891 
5 454.10593 251.09146 
6 425.32834 253.93887 
7 463.00656 280.2303 
8 424.68298 285.0388 
9 467.3375 306.03787 
10 437.55292 310.13614 
11 458.47784 309.6717 
12 436.98422 311.2733 
13 464.9709 347.83206 
14 430.03983 348.45795 
15 476.1715 392.56964 
16 425.86768 387.67172 
0 452.66006 231.9563 
1 408.0 200.0 
2 448.8937 228.27693 
3 408.0 200.0 
4 437.70102 229.29349 
5 457.29926 250.44585 
6 427.033 254.75311 
7 465.85773 279.39417 
8 427.86148 286.32538 
9 470.73685 303.86343 
10 440.39523 310.14877 
11 461.29364 309.9251 
12 440.07437 311.68427 
13 467.0358 347.80533 
14 432.9871 347.83405 
15 475.8951 391.19604 
16 425.8893 387.3927 
0 454.16498 231.30206 
1 455.23386 227.30652 
2 451.05618 227.70941 
3 410.0 200.0 
4 440.8447 228.28358 
5 459.84784 250.14667 
6 428.74847 253.56734 
7 468.74896 278.86566 
8 430.29703 285.67108 
9 474.01562 304.46188 
10 444.32736 310.1733 
11 465.42377 309.6587 
12 442.43402 311.58478 
13 469.96658 346.63275 
14 435.63382 347.6173 
15 475.12262 390.30383 
16 426.7541 387.0672 
0 419.0 200.0 
1 419.0 200.0 
2 419.0 200.0 
3 419.0 200.0 
4 443.7816 228.04741 
5 462.25183 249.05013 
6 433.0206 253.63135 
7 471.5487 277.68094 
8 432.8757 285.20074 
9 476.77448 301.98166 
10 447.01468 310.20767 
11 467.86908 309.3722 
12 446.11362 311.67047 
13 472.7144 347.59592 
14 439.20453 346.8488 
15 475.57245 390.67865 
16 427.3438 386.412 
0 462.01852 232.70285 
1 419.0 199.0 
2 458.53693 229.0239 
3 419.0 199.0 
4 447.91534 228.25557 
5 465.732 248.531 
6 434.75952 252.05093 
7 474.36218 277.23257 
8 434.70447 283.48068 
9 419.0 199.0 
10 449.9022 309.0653 
11 472.2439 307.4331 
12 450.23917 310.45587 
13 473.7865 346.85135 
14 443.2635 346.11664 
15 475.8661 391.2834 
16 428.33 385.79382 
0 464.32166 231.5039 
1 465.86588 227.21689 
2 460.84653 227.70132 
3 420.0 199.0 
4 449.66205 226.98856 
5 467.54807 247.85133 
6 438.5988 252.08919 
7 476.43195 274.83017 
8 436.14542 281.87814 
9 482.8576 299.1784 
10 451.9763 306.50543 
11 474.10745 307.83292 
12 453.7857 311.10513 
13 474.41132 346.63354 
14 446.39685 345.97705 
15 475.56445 390.24756 
16 430.56064 383.59946 
0 420.0 199.0 
1 420.0 199.0 
2 463.0435 227.61848 
3 420.0 199.0 
4 452.75732 227.81992 
5 471.2821 247.21484 
6 441.0471 251.89415 
7 480.39185 274.02615 
8 437.4643 281.64566 
9 486.01108 299.0661 
10 455.042 303.65094 
11 476.45264 306.08282 
12 457.38147 308.9782 
13 477.2467 346.5692 
14 452.44382 346.20892 
15 476.61084 390.29865 
16 432.46545 381.40118 
0 468.9967 232.2031 
1 423.0 199.0 
2 465.77057 228.19803 
3 423.0 199.0 
4 455.64032 228.09131 
5 474.3123 247.65576 
6 442.82568 250.97461 
7 484.21063 274.09204 
8 439.1441 282.08374 
9 489.71646 298.31934 
10 461.33246 299.17563 
11 476.8056 304.1335 
12 456.13315 308.187 
13 477.2945 346.22748 
14 454.02167 346.823 
15 476.5543 388.76505 
16 437.2364 379.15814 
0 472.68823 233.62784 
1 426.0 199.0 
2 469.58466 229.5647 
3 426.0 199.0 
4 459.59146 228.96214 
5 477.15207 247.88123 
6 445.81323 251.7561 
7 487.15707 273.78833 
8 440.72452 280.81543 
9 491.98438 295.92157 
10 464.3619 291.97687 
11 479.7271 306.28864 
12 457.9079 308.5008 
13 479.07483 347.8205 
14 456.98206 349.0407 
15 475.9644 389.38712 
16 439.91852 379.7191 
0 476.02356 235.80174 
1 429.0 200.0 
2 472.71286 231.94745 
3 429.0 200.0 
4 462.37704 231.80296 
5 482.16177 249.55237 
6 447.90607 253.84393 
7 491.77478 275.85846 
8 444.02097 281.78146 
9 496.82364 298.66107 
10 471.88095 285.70343 
11 480.7305 308.6647 
12 458.63156 309.63687 
13 479.52063 350.29395 
14 461.5135 352.0633 
15 477.2937 391.13477 
16 445.76898 380.38904 
0 479.3298 238.75319 
1 432.0 202.0 
2 475.58417 235.09671 
3 432.0 202.0 
4 464.82053 234.26953 
5 483.82907 248.90198 
6 450.20035 254.16855 
7 494.47327 274.32 
8 447.6569 281.71597 
9 499.0551 299.00485 
10 475.32108 280.87128 
11 481.4803 309.9862 
12 459.82776 311.5922 
13 481.3681 351.83173 
14 465.90506 352.14954 
15 477.3235 391.6237 
16 450.9336 386.748 
0 435.0 204.0 
1 435.0 204.0 
2 435.0 204.0 
3 435.0 204.0 
4 466.67938 235.54787 
5 485.21906 250.14865 
6 450.58835 256.3204 
7 496.8388 274.84406 
8 451.23666 283.13763 
9 501.7527 297.87524 
10 477.57993 275.51007 
11 483.36356 311.43475 
12 461.11874 314.34662 
13 481.90973 352.58337 
14 470.82565 352.5949 
15 476.34875 392.02304 
16 458.3508 391.36307 
0 483.6892 241.04921 
1 486.64005 237.09692 
2 479.7867 237.25287 
3 438.0 206.0 
4 469.5535 236.1814 
5 488.51807 252.10558 
6 453.02966 256.46832 
7 499.52676 277.12878 
8 455.01483 282.17462 
9 504.51917 298.60434 
10 479.11157 271.1812 
11 484.92447 311.88342 
12 461.81894 315.55545 
13 481.97708 353.31366 
14 473.03467 354.28717 
15 477.004 391.65613 
16 467.7656 396.3474 
0 485.96844 241.84964 
1 488.61636 237.90485 
2 482.21875 237.65807 
3 440.0 208.0 
4 471.39282 236.1559 
5 490.1111 251.93828 
6 455.7432 256.37512 
7 501.25082 276.28827 
8 457.42953 282.41724 
9 509.19562 300.74597 
10 479.9229 271.82736 
11 485.5589 314.62207 
12 464.12872 317.8653 
13 481.2191 356.40628 
14 474.1865 357.4095 
15 476.26627 395.1681 
16 474.05237 401.7798 
0 488.75876 242.96902 
1 490.80646 238.65434 
2 485.36014 239.47603 
3 443.0 202.0 
4 473.90668 237.99304 
5 492.11145 251.95607 
6 457.24323 257.28302 
7 503.96652 278.7243 
8 460.30292 284.6972 
9 511.85312 301.906 
10 481.5879 275.16284 
11 487.8028 316.9693 
12 466.89124 320.52893 
13 483.6613 360.19763 
14 475.31595 361.35596 
15 443.0 202.0 
16 475.52997 403.72815 
0 491.47958 243.49236 
1 493.10474 239.36926 
2 488.39185 239.86751 
3 445.0 202.0 
4 476.36285 237.78448 
5 493.8293 253.04562 
6 459.2649 258.0762 
7 505.7312 279.01685 
8 462.25302 284.63483 
9 515.2265 302.28357 
10 481.47803 276.71335 
11 486.2633 316.97314 
12 467.3809 320.05356 
13 483.65677 359.3083 
14 476.19455 360.43494 
15 483.2088 400.56976 
16 479.62207 402.0021 
0 493.49362 244.40927 
1 495.28238 239.96675 
2 490.02194 240.82233 
3 447.0 210.0 
4 478.67505 239.04077 
5 494.89478 253.616 
6 462.96512 258.89792 
7 506.14145 278.21307 
8 464.15286 285.73297 
9 516.2939 301.64383 
10 485.44794 278.5332 
11 487.51788 319.1823 
12 468.91583 320.91907 
13 485.23126 360.76935 
14 477.71893 362.04407 
15 476.98788 398.75757 
16 487.87125 403.7881 
0 495.02286 244.98001 
1 449.0 210.0 
2 491.74054 241.16667 
3 449.0 210.0 
4 480.74847 239.14568 
5 496.02075 254.53104 
6 463.70276 260.65314 
7 507.19693 278.84622 
8 466.42844 288.2116 
9 518.10004 302.1881 
10 485.46204 280.6512 
11 491.25018 319.6874 
12 470.96002 322.22702 
13 487.6101 358.5499 
14 478.50424 361.3022 
15 478.7295 396.48425 
16 486.45764 401.42838 
0 496.74295 245.11218 
1 497.90436 240.98288 
2 492.8015 241.67851 
3 450.0 204.0 
4 481.3042 240.61577 
5 497.2227 253.89838 
6 465.07895 260.89996 
7 509.2728 279.36435 
8 468.9019 289.29974 
9 519.50684 303.23602 
10 491.1114 278.47968 
11 492.0399 318.47952 
12 472.7197 321.6279 
13 487.71243 361.58905 
14 479.71283 362.82504 
15 479.37296 400.87943 
16 487.299 403.7005 
0 497.70093 245.34163 
1 451.0 205.0 
2 493.67328 241.24585 
3 451.0 205.0 
4 482.44843 239.68999 
5 498.6419 255.60443 
6 466.60355 262.7261 
7 510.41754 279.5909 
8 471.75845 290.36172 
9 519.9536 304.83084 
10 492.17056 278.98425 
11 494.4892 319.0881 
12 475.23264 321.94733 
13 494.2921 361.18433 
14 482.08136 362.42435 
15 451.0 205.0 
16 451.0 205.0 
0 499.31726 245.43921 
1 453.0 205.0 
2 496.17102 241.74701 
3 453.0 205.0 
4 485.02625 241.1919 
5 500.3005 255.53566 
6 469.14868 263.18646 
7 511.44812 279.7662 
8 474.3972 290.32983 
9 519.9426 304.7815 
10 494.67535 279.3735 
11 496.53305 319.64688 
12 477.2976 321.92615 
13 498.906 360.29138 
14 484.96875 361.1449 
15 453.0 205.0 
16 453.0 205.0 
0 499.55423 245.82275 
1 453.0 205.0 
2 495.87692 242.50003 
3 453.0 205.0 
4 485.45615 242.14027 
5 500.71002 254.92374 
6 471.00656 263.1273 
7 512.4682 278.64008 
8 476.5395 290.5257 
9 519.3678 303.87808 
10 495.8243 280.6557 
11 498.55035 318.3271 
12 480.4216 323.68112 
13 497.53125 360.95514 
14 486.9156 360.9616 
15 481.31357 390.6056 
16 495.9127 405.44116 
0 500.7909 245.8319 
1 454.0 205.0 
2 497.13034 242.33426 
3 454.0 205.0 
4 486.9617 242.29358 
5 502.61185 255.49106 
6 471.9779 262.70645 
7 513.40125 278.83087 
8 478.375 289.32306 
9 518.65924 302.1239 
10 497.70267 280.76465 
11 500.6315 318.73956 
12 481.0881 322.25967 
13 499.71216 359.01416 
14 486.15768 360.22095 
15 479.90292 385.67114 
16 454.0 205.0 
0 501.5128 245.86209 
1 455.0 205.0 
2 497.6711 242.3728 
3 455.0 205.0 
4 487.43887 241.68347 
5 503.56778 255.00388 
6 473.4323 262.8871 
7 514.43726 278.97745 
8 480.61725 288.52866 
9 519.04095 302.3096 
10 497.05557 277.5797 
11 502.53427 319.45255 
12 482.77396 321.72797 
13 504.10992 359.77652 
14 488.7193 361.44092 
15 455.0 205.0 
16 492.77734 399.3136 
0 502.77863 245.70395 
1 455.0 204.0 
2 499.19098 242.08942 
3 455.0 204.0 
4 489.39325 241.04239 
5 504.24188 254.22145 
6 475.48782 262.9796 
7 515.5406 279.42157 
8 484.15488 289.28555 
9 520.0555 304.20807 
10 500.87854 278.76297 
11 503.77872 319.25662 
12 485.06952 321.90845 
13 505.8594 359.62903 
14 490.40128 360.87866 
15 455.0 204.0 
16 496.5778 404.74213 
0 505.15726 245.25186 
1 456.0 204.0 
2 502.18704 241.3424 
3 456.0 204.0 
4 491.7898 240.92688 
5 505.27982 255.28738 
6 477.95758 263.54938 
7 516.57886 282.84116 
8 487.75394 289.63763 
9 456.0 204.0 
10 502.33765 276.16354 
11 504.84073 319.42404 
12 486.5017 322.5561 
13 506.7669 359.43182 
14 491.30988 360.38428 
15 456.0 204.0 
16 496.86545 404.971 
0 458.0 204.0 
1 458.0 204.0 
2 458.0 204.0 
3 458.0 204.0 
4 492.71606 239.94096 
5 505.83875 256.70764 
6 479.96448 264.33215 
7 517.0625 283.31653 
8 490.81274 288.86212 
9 458.0 204.0 
10 458.0 204.0 
11 505.189 318.47668 
12 487.7661 321.70172 
13 508.15738 357.5382 
14 492.45312 358.59616 
15 458.0 204.0 
16 494.868 396.25616 
0 467.0 205.0 
1 467.0 205.0 
2 467.0 205.0 
3 467.0 205.0 
4 492.73462 241.22638 
5 506.83673 257.65988 
6 480.35242 266.49918 
7 516.8038 284.5738 
8 494.1829 289.7453 
9 467.0 205.0 
10 467.0 205.0 
11 506.9278 318.368 
12 489.9767 320.93622 
13 508.23685 356.3387 
14 494.096 359.2588 
15 499.6613 390.6725 
16 496.50604 399.81708 
0 468.0 205.0 
1 468.0 205.0 
2 468.0 205.0 
3 468.0 205.0 
4 468.0 205.0 
5 509.47818 257.59692 
6 482.63672 266.49536 
7 519.18304 283.98218 
8 495.1099 291.98132 
9 468.0 205.0 
10 468.0 205.0 
11 508.72885 320.05902 
12 490.60855 323.23843 
13 508.4853 356.61496 
14 494.69656 359.7898 
15 503.55518 393.13672 
16 497.0296 402.62042 
