0 971.0 341.0 
1 971.0 341.0 
2 971.0 341.0 
3 1019.1233 365.57056 
4 971.0 341.0 
5 1021.30756 392.72116 
6 1051.5543 391.08032 
7 1015.196 425.8391 
8 1053.1736 421.862 
9 1009.088 455.42178 
10 971.0 341.0 
11 1021.75336 449.09232 
12 1041.5653 446.19696 
13 1004.22754 484.91052 
14 1038.9043 491.68384 
15 989.65967 515.82587 
16 1048.0065 531.08563 
0 967.0 341.0 
1 967.0 341.0 
2 967.0 341.0 
3 1013.58124 367.41907 
4 967.0 341.0 
5 1015.199 394.8076 
6 1045.9188 391.4213 
7 1010.20874 425.9059 
8 1048.3076 418.06256 
9 1005.01953 454.5985 
10 967.0 341.0 
11 1016.94653 449.58603 
12 1037.9929 447.0893 
13 1000.6913 480.8375 
14 1035.896 490.38074 
15 988.1682 514.56244 
16 1047.178 531.3352 
0 965.0 349.0 
1 965.0 349.0 
2 965.0 349.0 
3 1009.5975 369.06226 
4 965.0 349.0 
5 1009.8841 397.06122 
6 1041.3513 394.16196 
7 1006.2061 432.16013 
8 965.0 349.0 
9 999.3321 462.64893 
10 965.0 349.0 
11 1012.88416 449.8517 
12 1034.1758 448.97745 
13 994.7614 484.90393 
14 1031.5504 488.90756 
15 986.58765 518.0901 
16 1046.673 530.7052 
0 961.0 349.0 
1 961.0 349.0 
2 961.0 349.0 
3 1006.1432 369.00595 
4 961.0 349.0 
5 1005.2569 396.7597 
6 1035.8531 393.12936 
7 1000.6049 432.22388 
8 1041.4865 416.75876 
9 994.9808 463.74826 
10 961.0 349.0 
11 1008.1168 451.06366 
12 1028.9023 449.86078 
13 989.4185 484.44183 
14 1026.8331 487.9521 
15 984.7544 520.43365 
16 1045.1509 524.54126 
0 969.0 349.0 
1 969.0 349.0 
2 969.0 349.0 
3 1000.745 370.2685 
4 969.0 349.0 
5 1000.67096 399.02347 
6 1031.6265 396.03003 
7 995.1222 432.1443 
8 1034.1387 423.0715 
9 989.964 459.15176 
10 969.0 349.0 
11 1002.2375 452.03253 
12 1023.723 450.95056 
13 985.7891 484.6818 
14 1019.771 486.403 
15 984.7578 521.15686 
16 1040.8014 518.92456 
0 967.0 345.0 
1 967.0 345.0 
2 967.0 345.0 
3 997.05304 370.0531 
4 967.0 345.0 
5 996.8948 397.22153 
6 1027.2535 393.99963 
7 989.06104 427.83725 
8 1031.7153 421.49716 
9 967.0 345.0 
10 967.0 345.0 
11 997.7687 447.4854 
12 1016.53186 445.88824 
13 982.9366 480.52148 
14 1011.8532 484.03442 
15 985.2516 519.2552 
16 1035.5449 510.9876 
0 965.0 343.0 
1 965.0 343.0 
2 965.0 343.0 
3 992.41315 368.04852 
4 965.0 343.0 
5 991.5956 395.71808 
6 1022.85474 392.45868 
7 982.43945 426.33572 
8 1028.5519 420.40765 
9 979.3843 450.13583 
10 965.0 343.0 
11 988.92523 446.6919 
12 1009.64636 447.16806 
13 981.1554 482.81195 
14 1001.9901 480.13647 
15 985.7077 518.3028 
16 1029.2495 505.82208 
0 958.0 341.0 
1 958.0 341.0 
2 958.0 341.0 
3 988.3676 365.42105 
4 958.0 341.0 
5 989.23737 391.17853 
6 1020.4994 389.51532 
7 981.2213 422.2104 
8 1024.5098 418.82635 
9 976.65845 446.20163 
10 958.0 341.0 
11 986.4879 444.28613 
12 1006.2249 443.15558 
13 979.6287 478.92578 
14 995.35205 476.23053 
15 985.62537 517.41174 
16 1019.64417 501.52518 
0 955.0 325.0 
1 955.0 325.0 
2 955.0 325.0 
3 955.0 325.0 
4 955.0 325.0 
5 985.2757 390.41348 
6 1015.63416 387.735 
7 976.0737 416.19046 
8 1020.5981 414.80637 
9 955.0 325.0 
10 955.0 325.0 
11 981.20325 444.78137 
12 997.61816 442.37616 
13 978.18994 479.2129 
14 990.9784 473.42267 
15 983.9615 517.0558 
16 1010.47076 496.80847 
0 951.0 324.0 
1 951.0 324.0 
2 951.0 324.0 
3 951.0 324.0 
4 951.0 324.0 
5 982.8286 386.88763 
6 1013.32385 384.71176 
7 972.57806 414.67523 
8 1019.33325 414.3451 
9 965.80597 440.7008 
10 951.0 324.0 
11 980.9364 442.76068 
12 999.3704 440.0431 
13 978.098 478.6103 
14 987.7072 472.47876 
15 984.6022 515.37915 
16 1000.6136 495.4426 
0 947.0 324.0 
1 947.0 324.0 
2 947.0 324.0 
3 981.7588 350.51706 
4 947.0 324.0 
5 978.7238 385.33252 
6 1008.99255 382.1192 
7 966.9315 412.1802 
8 1016.1169 411.73334 
9 947.0 324.0 
10 947.0 324.0 
11 978.0972 435.16568 
12 996.021 433.87012 
13 978.24854 473.9459 
14 981.937 469.8427 
15 984.846 515.7998 
16 947.0 324.0 
0 943.0 324.0 
1 943.0 324.0 
2 943.0 324.0 
3 943.0 324.0 
4 943.0 324.0 
5 975.4619 381.21548 
6 1006.7389 381.29968 
7 963.39984 408.3323 
8 1012.1 410.94592 
9 956.9344 428.46918 
10 943.0 324.0 
11 974.59235 433.62695 
12 994.0153 433.6298 
13 976.8816 476.59198 
14 977.88745 470.62366 
15 984.8254 514.6857 
16 982.4325 507.3576 
0 940.0 324.0 
1 940.0 324.0 
2 940.0 324.0 
3 940.0 324.0 
4 994.18964 351.83514 
5 972.04785 379.02795 
6 1003.211 379.2265 
7 958.3694 407.22986 
8 1009.3772 408.5221 
9 952.2084 425.03693 
10 940.0 324.0 
11 972.43884 432.38336 
12 992.5636 432.1896 
13 976.25635 476.68018 
14 940.0 324.0 
15 984.85803 515.32056 
16 940.0 324.0 
0 936.0 324.0 
1 936.0 324.0 
2 936.0 324.0 
3 936.0 324.0 
4 991.1271 353.13858 
5 967.93823 379.70547 
6 1000.41425 379.30487 
7 953.18854 408.47452 
8 1006.2998 409.7178 
9 948.776 422.11502 
10 997.108 437.13754 
11 968.75214 434.39044 
12 989.0632 434.3665 
13 975.06537 479.16907 
14 967.17053 472.2265 
15 985.5435 517.2222 
16 957.3156 496.1698 
0 931.0 324.0 
1 931.0 324.0 
2 931.0 324.0 
3 931.0 324.0 
4 931.0 324.0 
5 963.61096 379.73315 
6 994.29205 378.7454 
7 949.25616 407.83966 
8 1002.18243 407.68408 
9 944.76587 418.9909 
10 996.6484 434.04758 
11 965.0133 431.41492 
12 984.66 432.16394 
13 971.4424 473.8707 
14 964.8025 468.2864 
15 985.7613 515.50385 
16 948.27765 488.5597 
0 927.0 326.0 
1 927.0 326.0 
2 927.0 326.0 
3 962.7407 353.03827 
4 927.0 326.0 
5 961.29846 378.82336 
6 989.9251 377.6186 
7 947.11115 406.3833 
8 999.0882 407.7537 
9 940.9046 417.44608 
10 994.3511 433.58307 
11 962.9657 430.79828 
12 981.45044 430.67874 
13 970.5616 473.21814 
14 962.3035 467.65887 
15 984.3506 515.25037 
16 943.3425 486.9087 
0 923.0 334.0 
1 923.0 334.0 
2 923.0 334.0 
3 957.0294 354.36023 
4 975.3482 353.9935 
5 955.1314 379.56256 
6 986.6539 379.60043 
7 940.0711 408.73602 
8 994.3208 408.74448 
9 923.0 334.0 
10 990.2283 431.53522 
11 956.46295 432.38968 
12 975.6228 432.44647 
13 967.22003 475.41083 
14 953.9454 466.16528 
15 984.05145 514.55597 
16 939.1389 488.49246 
0 919.0 334.0 
1 919.0 334.0 
2 919.0 334.0 
3 953.3809 353.7756 
4 919.0 334.0 
5 951.2316 377.89774 
6 980.4798 378.98047 
7 935.58716 409.92905 
8 989.6248 407.26923 
9 919.0 334.0 
10 986.89764 431.1967 
11 951.5228 435.08896 
12 970.3107 432.9787 
13 963.51556 478.2368 
14 948.2321 465.05777 
15 982.7213 513.1484 
16 936.49445 490.42017 
0 916.0 333.0 
1 916.0 333.0 
2 916.0 333.0 
3 949.4913 354.36493 
4 916.0 333.0 
5 949.2571 379.4344 
6 976.2908 379.57574 
7 936.71216 405.3127 
8 984.0122 408.3269 
9 928.0614 417.54767 
10 982.1285 430.75647 
11 947.65466 432.17914 
12 964.38055 433.0637 
13 956.52545 472.9234 
14 943.7099 467.88245 
15 980.2836 510.0555 
16 916.0 333.0 
0 911.0 332.0 
1 911.0 332.0 
2 911.0 332.0 
3 946.4608 353.02557 
4 911.0 332.0 
5 945.1821 376.77963 
6 970.52423 378.2256 
7 931.7078 403.14566 
8 978.59375 406.6455 
9 923.8928 420.07022 
10 977.3296 430.10773 
11 942.1901 430.0116 
12 956.0768 430.79407 
13 948.0298 470.67847 
14 940.93555 462.22058 
15 976.22253 504.19434 
16 933.5124 490.74597 
0 908.0 329.0 
1 908.0 329.0 
2 908.0 329.0 
3 942.46094 353.8992 
4 908.0 329.0 
5 941.3045 376.7571 
6 966.96924 376.14746 
7 930.2016 402.14453 
8 974.8065 405.14783 
9 920.4771 420.84235 
10 971.6363 428.04498 
11 940.3213 425.17047 
12 956.2024 425.65536 
13 940.9553 463.17398 
14 938.41595 458.32745 
15 968.7751 496.6212 
16 932.79254 490.3159 
0 903.0 330.0 
1 903.0 330.0 
2 903.0 330.0 
3 938.89075 350.57605 
4 903.0 330.0 
5 938.3853 375.50613 
6 961.6908 373.72427 
7 927.06244 401.25534 
8 970.0301 403.78375 
9 918.2996 422.0778 
10 964.99365 426.886 
11 935.7774 425.54697 
12 951.92236 425.31165 
13 934.3167 459.68793 
14 935.97437 459.435 
15 903.0 330.0 
16 933.149 489.27054 
0 901.0 327.0 
1 901.0 327.0 
2 901.0 327.0 
3 935.9218 348.9156 
4 901.0 327.0 
5 934.72076 374.12543 
6 960.6193 374.1879 
7 924.0117 399.5116 
8 965.91034 402.0984 
9 916.6136 422.44678 
10 957.6306 427.39743 
11 932.25104 424.074 
12 948.4671 423.4502 
13 930.30164 457.23242 
14 931.9241 455.45392 
15 949.33026 484.0077 
16 932.0282 488.29187 
0 906.0 326.0 
1 906.0 326.0 
2 906.0 326.0 
3 930.7963 345.9724 
4 906.0 326.0 
5 931.2009 370.27213 
6 957.58936 369.88623 
7 919.651 397.056 
8 961.9289 399.13257 
9 914.626 420.62866 
10 951.20996 421.46954 
11 930.2364 421.96896 
12 945.5656 421.69064 
13 925.9499 457.97772 
14 931.7754 456.04837 
15 946.82587 483.37384 
16 932.3404 488.65594 
0 903.0 324.0 
1 903.0 324.0 
2 903.0 324.0 
3 927.61316 342.6508 
4 903.0 324.0 
5 928.757 366.45978 
6 953.2775 366.5532 
7 918.3828 392.93066 
8 958.00195 392.21814 
9 913.9016 418.08157 
10 949.30206 408.44476 
11 927.0771 416.10654 
12 941.8294 415.8798 
13 919.9791 450.464 
14 930.17596 448.65662 
15 936.04095 482.45502 
16 935.3346 484.1275 
0 900.0 324.0 
1 900.0 324.0 
2 900.0 324.0 
3 923.5522 340.51038 
4 900.0 324.0 
5 924.8967 364.7625 
6 949.4186 362.69962 
7 915.31433 393.07037 
8 954.72534 390.72424 
9 910.7296 417.30966 
10 900.0 324.0 
11 923.5156 414.3493 
12 940.0419 414.05652 
13 912.1528 446.5055 
14 931.0921 449.29456 
15 930.0467 478.90692 
16 934.27814 487.75827 
0 895.0 315.0 
1 895.0 315.0 
2 895.0 315.0 
3 921.7515 338.38464 
4 895.0 315.0 
5 922.9722 361.07852 
6 945.00073 359.3868 
7 915.065 390.1804 
8 950.4829 387.04507 
9 911.26294 415.5074 
10 895.0 315.0 
11 922.84766 412.16333 
12 937.1765 410.77838 
13 906.5738 443.79395 
14 930.85815 446.95374 
15 895.0 315.0 
16 934.6781 486.3145 
0 890.0 313.0 
1 890.0 313.0 
2 890.0 313.0 
3 890.0 313.0 
4 890.0 313.0 
5 918.895 360.75925 
6 942.68665 360.16165 
7 910.6543 388.03308 
8 890.0 313.0 
9 890.0 313.0 
10 890.0 313.0 
11 918.38635 411.8786 
12 934.5373 411.37506 
13 903.27026 442.9469 
14 929.9346 450.21075 
15 908.8718 481.95587 
16 933.8765 488.42688 
0 883.0 313.0 
1 883.0 313.0 
2 883.0 313.0 
3 913.0843 336.19592 
4 883.0 313.0 
5 915.46173 359.91745 
6 937.597 357.73373 
7 909.0227 389.2353 
8 883.0 313.0 
9 904.89087 413.98145 
10 883.0 313.0 
11 914.31366 413.01367 
12 931.7881 412.35754 
13 900.22205 442.7088 
14 929.77344 451.35675 
15 899.5518 481.56018 
16 933.2256 488.52692 
0 867.0 312.0 
1 867.0 312.0 
2 867.0 312.0 
3 867.0 312.0 
4 867.0 312.0 
5 909.68164 363.1115 
6 935.0796 360.35495 
7 906.5743 391.64868 
8 867.0 312.0 
9 903.4776 417.93774 
10 867.0 312.0 
11 908.1228 412.83853 
12 927.8299 412.18265 
13 896.7051 445.9179 
14 927.98755 449.7649 
15 888.62537 480.8427 
16 933.30206 487.73267 
0 863.0 313.0 
1 863.0 313.0 
2 863.0 313.0 
3 904.87305 338.3866 
4 863.0 313.0 
5 906.0318 363.57538 
6 930.0838 358.92853 
7 903.0329 394.98764 
8 863.0 313.0 
9 897.8824 418.4285 
10 863.0 313.0 
11 908.04535 414.79218 
12 926.0399 412.7118 
13 894.1159 445.0166 
14 926.15027 450.14148 
15 881.1623 476.0489 
16 933.4386 487.01837 
0 861.0 314.0 
1 861.0 314.0 
2 861.0 314.0 
3 900.55365 338.42432 
4 861.0 314.0 
5 902.1504 364.07462 
6 925.20746 359.2585 
7 898.98804 394.22208 
8 861.0 314.0 
9 895.436 418.28677 
10 861.0 314.0 
11 905.081 414.66885 
12 922.0831 411.81085 
13 891.08136 445.8769 
14 923.7131 449.5959 
15 876.1296 473.23975 
16 932.8157 486.18314 
0 851.0 322.0 
1 851.0 322.0 
2 851.0 322.0 
3 895.5692 340.1747 
4 851.0 322.0 
5 898.0194 365.95358 
6 920.79315 360.75046 
7 895.9249 397.32767 
8 851.0 322.0 
9 891.60223 422.2409 
10 851.0 322.0 
11 900.0915 416.80884 
12 917.8095 415.44177 
13 883.6867 447.2497 
14 920.59076 450.79077 
15 873.8215 476.3391 
16 932.29846 486.87793 
0 849.0 321.0 
1 849.0 321.0 
2 849.0 321.0 
3 892.0493 340.3844 
4 849.0 321.0 
5 894.47894 365.38297 
6 916.6864 360.34476 
7 891.8557 396.00003 
8 849.0 321.0 
9 887.7038 420.35107 
10 849.0 321.0 
11 894.5772 415.88525 
12 912.88574 414.4205 
13 879.53015 445.68036 
14 915.8691 451.44113 
15 873.0817 475.86905 
16 931.9703 485.5016 
0 849.0 321.0 
1 849.0 321.0 
2 849.0 321.0 
3 887.5308 340.7318 
4 849.0 321.0 
5 889.07245 367.1899 
6 913.89386 362.18573 
7 884.7126 397.0253 
8 849.0 321.0 
9 880.20667 423.99933 
10 849.0 321.0 
11 888.78503 416.2627 
12 907.886 415.06104 
13 874.15173 444.9513 
14 909.4599 447.71466 
15 871.9498 476.58234 
16 930.3629 482.39313 
0 855.0 321.0 
1 855.0 321.0 
2 855.0 321.0 
3 883.85376 340.9478 
4 855.0 321.0 
5 886.5827 365.75348 
6 908.66016 361.35712 
7 880.6475 395.5996 
8 855.0 321.0 
9 875.96906 422.97348 
10 855.0 321.0 
11 885.2334 414.27313 
12 903.1087 412.5035 
13 870.148 444.5768 
14 902.7499 447.04684 
15 871.2387 476.86963 
16 926.30194 476.02637 
0 852.0 319.0 
1 852.0 319.0 
2 852.0 319.0 
3 880.8025 340.30817 
4 852.0 319.0 
5 883.1433 364.32568 
6 906.3387 361.20862 
7 876.14056 394.1455 
8 852.0 319.0 
9 852.0 319.0 
10 852.0 319.0 
11 880.30817 412.52185 
12 898.72156 411.82266 
13 868.07416 443.40857 
14 896.19305 445.68912 
15 870.9944 476.97192 
16 921.9858 471.68402 
0 850.0 316.0 
1 850.0 316.0 
2 850.0 316.0 
3 877.15173 338.85413 
4 850.0 316.0 
5 879.89307 361.0148 
6 903.7525 359.4298 
7 871.9586 387.11566 
8 906.7057 384.95114 
9 870.4053 406.74985 
10 850.0 316.0 
11 876.40717 408.59497 
12 894.3104 409.2734 
13 865.78845 441.44067 
14 888.09674 441.02646 
15 871.095 476.1026 
16 915.8882 466.2599 
0 854.0 314.0 
1 854.0 314.0 
2 854.0 314.0 
3 873.5788 337.56375 
4 854.0 314.0 
5 875.165 361.9342 
6 901.0154 357.5633 
7 866.98834 391.12646 
8 905.0934 384.82812 
9 864.5622 415.00964 
10 854.0 314.0 
11 873.9879 410.68274 
12 890.68304 409.61526 
13 865.72437 441.62186 
14 882.8464 438.52502 
15 871.74097 475.206 
16 908.5019 463.24677 
0 849.0 313.0 
1 849.0 313.0 
2 849.0 313.0 
3 849.0 313.0 
4 849.0 313.0 
5 872.79175 357.82123 
6 898.1135 356.12155 
7 863.4079 383.41205 
8 902.20544 383.3247 
9 849.0 313.0 
10 849.0 313.0 
11 869.6965 406.59708 
12 887.6222 405.81824 
13 864.6877 442.37613 
14 879.1342 436.7307 
15 872.0622 475.32623 
16 900.6081 459.32657 
0 844.0 312.0 
1 844.0 312.0 
2 844.0 312.0 
3 844.0 312.0 
4 844.0 312.0 
5 869.07587 357.0493 
6 894.75684 355.08768 
7 858.85504 383.11206 
8 899.04156 382.98083 
9 853.7805 407.79623 
10 844.0 312.0 
11 866.1306 408.08984 
12 882.7907 406.6668 
13 862.2279 442.5492 
14 872.4761 436.23578 
15 871.1849 475.65057 
16 893.27765 459.14093 
0 840.0 311.0 
1 840.0 311.0 
2 840.0 311.0 
3 864.28046 331.84903 
4 840.0 311.0 
5 865.0838 354.9184 
6 891.17224 352.7837 
7 855.0259 384.43817 
8 895.6585 383.7834 
9 850.3065 408.70697 
10 887.056 411.69318 
11 863.9063 406.53378 
12 880.35425 406.0652 
13 862.56616 438.61115 
14 870.46564 434.77728 
15 870.78674 473.69824 
16 883.1775 461.0569 
0 837.0 311.0 
1 837.0 311.0 
2 837.0 311.0 
3 837.0 311.0 
4 837.0 311.0 
5 861.5683 353.49677 
6 887.4687 350.60706 
7 851.8789 380.96048 
8 892.0009 380.9956 
9 847.0564 404.84973 
10 837.0 311.0 
11 861.4422 402.95676 
12 877.1054 401.9646 
13 863.0868 435.63043 
14 863.3178 432.7759 
15 871.9959 470.75592 
16 837.0 311.0 
0 825.0 310.0 
1 825.0 310.0 
2 825.0 310.0 
3 857.4566 327.9018 
4 825.0 310.0 
5 858.98645 352.28033 
6 884.36096 349.61948 
7 847.1076 379.2264 
8 891.87146 379.97446 
9 841.69855 402.1488 
10 825.0 310.0 
11 859.3432 403.86734 
12 876.21515 403.01794 
13 859.8838 436.42853 
14 862.1283 434.30237 
15 869.88074 472.34293 
16 866.8018 465.8933 
0 822.0 310.0 
1 822.0 310.0 
2 822.0 310.0 
3 822.0 310.0 
4 822.0 310.0 
5 856.17206 352.25726 
6 881.80457 350.04077 
7 845.4077 378.74255 
8 889.1607 381.4256 
9 838.2109 397.51843 
10 822.0 310.0 
11 857.15643 402.95267 
12 873.85046 402.69714 
13 859.80237 439.86444 
14 859.95984 437.0077 
15 871.2408 473.37186 
16 858.9586 466.86865 
0 818.0 311.0 
1 818.0 311.0 
2 818.0 311.0 
3 851.7112 328.72324 
4 818.0 311.0 
5 851.8861 352.2282 
6 877.69934 350.4673 
7 842.188 379.17093 
8 886.5612 380.1997 
9 833.54645 397.32803 
10 818.0 311.0 
11 854.42676 404.25726 
12 871.8443 403.1701 
13 857.8766 438.83746 
14 852.88275 435.5559 
15 870.4401 474.29324 
16 848.8307 465.65417 
0 815.0 311.0 
1 815.0 311.0 
2 815.0 311.0 
3 849.0898 329.7393 
4 815.0 311.0 
5 848.6715 352.9391 
6 874.5346 351.8775 
7 837.22217 378.9546 
8 883.24695 381.12964 
9 827.37616 396.32956 
10 815.0 311.0 
11 852.15735 402.92093 
12 868.7402 401.46167 
13 854.99225 438.75873 
14 851.4243 435.5763 
15 871.0528 472.602 
16 840.8003 462.3608 
0 811.0 311.0 
1 811.0 311.0 
2 811.0 311.0 
3 845.80206 331.64417 
4 861.6648 331.0665 
5 845.4326 355.28693 
6 871.2705 353.66766 
7 834.6754 378.8955 
8 878.11444 382.8114 
9 824.8636 394.4979 
10 811.0 311.0 
11 847.78784 403.51837 
12 864.4117 403.07486 
13 852.99603 439.59174 
14 848.22424 434.82236 
15 871.4918 473.9893 
16 835.29205 462.10638 
0 807.0 312.0 
1 807.0 312.0 
2 807.0 312.0 
3 843.87585 333.09872 
4 859.1977 332.83295 
5 843.2235 355.97482 
6 868.85754 356.9117 
7 830.7072 380.72168 
8 876.46625 385.484 
9 820.1363 395.01904 
10 870.04614 409.70123 
11 843.9631 405.62967 
12 861.25977 405.4251 
13 848.2141 441.10233 
14 842.15137 438.875 
15 869.289 472.46442 
16 831.5593 463.09424 
0 804.0 312.0 
1 804.0 312.0 
2 804.0 312.0 
3 840.13885 334.59326 
4 804.0 312.0 
5 838.3537 358.21506 
6 864.2798 357.46738 
7 826.4071 381.58447 
8 872.4799 383.31195 
9 816.12836 396.03296 
10 868.04913 408.9434 
11 839.28156 406.33545 
12 855.49976 405.32324 
13 844.3148 442.69308 
14 837.146 437.42517 
15 868.6333 471.57797 
16 827.5708 464.0768 
0 801.0 313.0 
1 801.0 313.0 
2 801.0 313.0 
3 837.4094 337.82047 
4 801.0 313.0 
5 834.5663 359.09772 
6 859.57104 359.82874 
7 823.8315 381.3843 
8 867.78674 383.845 
9 812.9573 397.15643 
10 866.6443 405.85034 
11 834.1897 405.1874 
12 849.91797 404.9519 
13 837.27747 442.54254 
14 832.47614 438.21255 
15 866.2951 469.1828 
16 825.5972 466.15887 
0 797.0 313.0 
1 797.0 313.0 
2 797.0 313.0 
3 835.1945 337.0772 
4 797.0 313.0 
5 833.6705 359.05203 
6 856.2108 360.52136 
7 820.24255 381.21567 
8 863.56885 385.84558 
9 811.0515 398.85608 
10 862.48193 405.216 
11 830.99396 406.80914 
12 845.0589 406.46362 
13 830.96924 439.26666 
14 828.98 434.95813 
15 860.85504 463.2569 
16 826.30176 464.05957 
0 793.0 320.0 
1 793.0 320.0 
2 793.0 320.0 
3 830.6002 335.167 
4 793.0 320.0 
5 829.30664 357.6241 
6 852.92255 357.81897 
7 816.6908 381.27682 
8 858.6837 382.3937 
9 807.9528 401.05484 
10 856.8917 404.17902 
11 827.2435 403.02573 
12 842.9438 403.26962 
13 825.46893 432.28204 
14 830.1057 431.01486 
15 827.3679 462.14288 
16 793.0 320.0 
0 799.0 316.0 
1 799.0 316.0 
2 799.0 316.0 
3 827.5545 334.12912 
4 799.0 316.0 
5 825.379 356.35083 
6 850.6218 357.2651 
7 814.1665 378.71457 
8 855.21326 386.3414 
9 807.15765 401.14575 
10 848.87836 408.049 
11 825.1423 404.1252 
12 840.5351 404.27094 
13 824.0223 436.35516 
14 824.735 435.17987 
15 843.1684 455.31268 
16 824.8214 463.19565 
0 797.0 314.0 
1 797.0 314.0 
2 797.0 314.0 
3 823.8136 331.8528 
4 838.8201 332.0755 
5 822.1192 354.6563 
6 847.67487 355.52716 
7 811.64777 380.10913 
8 851.7764 384.00278 
9 807.71796 403.00568 
10 797.0 314.0 
11 822.939 403.6907 
12 838.69104 404.34677 
13 820.3041 434.12946 
14 823.70447 433.6768 
15 797.0 314.0 
16 823.1366 461.28088 
0 794.0 313.0 
1 794.0 313.0 
2 794.0 313.0 
3 821.07635 330.70908 
4 794.0 313.0 
5 819.33124 353.137 
6 844.7555 353.1872 
7 809.5231 376.57498 
8 848.59766 379.91885 
9 807.21246 401.92734 
10 794.0 313.0 
11 819.9281 399.70352 
12 834.9754 399.6388 
13 816.1044 430.38324 
14 822.79706 429.4078 
15 830.99585 454.37222 
16 823.0013 457.15472 
0 792.0 312.0 
1 792.0 312.0 
2 792.0 312.0 
3 818.1138 327.20782 
4 792.0 312.0 
5 816.48517 350.41672 
6 842.42847 349.54868 
7 806.4948 375.50256 
8 845.89905 376.93018 
9 805.41925 401.65527 
10 792.0 312.0 
11 817.63666 396.7707 
12 832.48376 395.4611 
13 811.2114 428.66608 
14 821.02045 428.73355 
15 826.36804 458.1112 
16 825.0135 461.666 
0 790.0 303.0 
1 790.0 303.0 
2 790.0 303.0 
3 814.5742 325.0166 
4 790.0 303.0 
5 814.38995 346.98297 
6 838.94885 347.11298 
7 805.01294 371.44675 
8 842.4042 371.65378 
9 801.7392 395.85944 
10 790.0 303.0 
11 814.07794 394.30707 
12 829.7765 394.49878 
13 806.1214 425.4047 
14 822.2595 426.95612 
15 821.1648 458.3274 
16 826.04224 462.62854 
0 786.0 302.0 
1 786.0 302.0 
2 786.0 302.0 
3 811.8197 324.00122 
4 786.0 302.0 
5 812.246 346.1693 
6 835.0976 346.10135 
7 803.03955 371.63284 
8 838.58276 371.172 
9 800.04535 396.16898 
10 786.0 302.0 
11 810.6828 393.332 
12 826.7641 393.5762 
13 800.33527 423.20963 
14 821.4661 426.39563 
15 811.5718 456.53152 
16 826.08295 461.28232 
0 782.0 302.0 
1 782.0 302.0 
2 782.0 302.0 
3 782.0 302.0 
4 782.0 302.0 
5 810.0056 343.1206 
6 831.50977 342.87582 
7 802.5741 368.33636 
8 835.7739 367.79654 
9 798.93866 392.4731 
10 782.0 302.0 
11 808.8626 390.9737 
12 824.578 392.14197 
13 796.01654 422.7 
14 821.3893 426.76236 
15 800.54034 459.17712 
16 825.6463 461.8329 
0 777.0 301.0 
1 777.0 301.0 
2 777.0 301.0 
3 803.9934 322.1712 
4 777.0 301.0 
5 806.45575 344.3654 
6 828.0965 343.4778 
7 799.5776 369.9725 
8 833.10223 366.53772 
9 795.2724 393.34183 
10 777.0 301.0 
11 804.43677 395.55096 
12 821.6831 394.78384 
13 792.91583 423.6865 
14 821.5013 428.0306 
15 790.252 458.1181 
16 826.05084 461.75568 
0 771.0 302.0 
1 771.0 302.0 
2 771.0 302.0 
3 800.85144 321.99728 
4 771.0 302.0 
5 802.7347 344.37592 
6 825.4642 343.32364 
7 796.3435 370.99405 
8 829.90875 368.0398 
9 792.3149 394.63986 
10 771.0 302.0 
11 802.8202 394.97223 
12 820.305 394.0432 
13 789.8318 422.93744 
14 820.1667 427.1975 
15 786.34503 454.60806 
16 826.0202 461.9159 
0 760.0 302.0 
1 760.0 302.0 
2 760.0 302.0 
3 797.022 323.66095 
4 760.0 302.0 
5 798.6737 346.33563 
6 822.59625 344.58624 
7 793.64276 372.71307 
8 827.07526 367.2116 
9 789.2627 395.4361 
10 760.0 302.0 
11 799.7077 395.691 
12 817.80756 394.83575 
13 787.52905 424.9455 
14 819.93555 428.48303 
15 777.23865 456.41556 
16 826.8095 462.18597 
0 757.0 303.0 
1 757.0 303.0 
2 757.0 303.0 
3 793.83887 325.08072 
4 757.0 303.0 
5 796.64734 347.48505 
6 817.4634 345.05792 
7 791.2053 374.3911 
8 757.0 303.0 
9 786.2294 395.2709 
10 757.0 303.0 
11 797.91974 395.17682 
12 814.59515 394.59952 
13 785.11444 424.3144 
14 818.374 427.15317 
15 773.24713 452.20953 
16 826.02924 460.89044 
0 757.0 311.0 
1 757.0 311.0 
2 757.0 311.0 
3 790.9553 326.18427 
4 757.0 311.0 
5 791.40955 350.08194 
6 813.9547 346.35178 
7 785.7686 376.91522 
8 819.6528 368.5689 
9 782.4189 397.21082 
10 757.0 311.0 
11 794.83624 396.9912 
12 812.24347 394.99854 
13 781.33575 425.26663 
14 815.3673 428.62292 
15 771.07025 453.72272 
16 825.3899 462.3072 
0 754.0 311.0 
1 754.0 311.0 
2 754.0 311.0 
3 787.5761 326.12198 
4 754.0 311.0 
5 786.6828 348.41522 
6 810.9559 346.97388 
7 780.39594 371.87195 
8 815.351 368.89185 
9 778.70135 389.32007 
10 754.0 311.0 
11 787.9945 394.73273 
12 807.1288 394.33978 
13 776.9271 423.6195 
14 809.6503 427.26685 
15 768.7938 454.47043 
16 824.6439 460.16937 
0 752.0 310.0 
1 752.0 310.0 
2 752.0 310.0 
3 752.0 310.0 
4 752.0 310.0 
5 784.35913 346.63934 
6 807.1178 345.24426 
7 778.3019 374.37878 
8 812.30316 369.5785 
9 752.0 310.0 
10 752.0 310.0 
11 782.5973 395.44174 
12 801.13226 394.01855 
13 772.7323 421.64862 
14 801.87775 425.3373 
15 769.4399 454.34125 
16 822.0635 457.10046 
0 749.0 310.0 
1 749.0 310.0 
2 749.0 310.0 
3 779.3315 325.01422 
4 749.0 310.0 
5 781.0491 347.49002 
6 803.24817 344.48865 
7 774.10565 375.1395 
8 808.91406 368.99976 
9 770.7232 398.0752 
10 749.0 310.0 
11 780.85126 394.67877 
12 796.80035 394.12646 
13 770.4614 422.55588 
14 796.82 422.6693 
15 767.8555 453.31833 
16 817.31915 451.0055 
0 746.0 306.0 
1 746.0 306.0 
2 746.0 306.0 
3 746.0 306.0 
4 746.0 306.0 
5 778.22473 346.40897 
6 801.299 344.9105 
7 769.8355 371.30856 
8 805.4616 369.7239 
9 746.0 306.0 
10 746.0 306.0 
11 773.61255 392.70535 
12 793.3793 392.19714 
13 769.0112 420.62488 
14 790.5449 421.42386 
15 769.69604 453.2804 
16 812.41797 448.5736 
0 751.0 305.0 
1 751.0 305.0 
2 751.0 305.0 
3 751.0 305.0 
4 751.0 305.0 
5 774.4407 345.96603 
6 798.0546 342.34982 
7 764.7146 370.77975 
8 802.92377 364.7552 
9 763.88257 392.23346 
10 751.0 305.0 
11 772.07135 390.0296 
12 789.6234 389.10126 
13 767.7628 421.36108 
14 784.4488 417.12122 
15 768.86804 452.44345 
16 805.76117 442.14972 
0 748.0 303.0 
1 748.0 303.0 
2 748.0 303.0 
3 771.08057 320.7421 
4 748.0 303.0 
5 771.74756 342.93427 
6 796.33594 340.89713 
7 761.79175 368.11588 
8 801.23236 366.5064 
9 761.6182 393.14545 
10 748.0 303.0 
11 771.7857 389.39954 
12 787.9595 388.10495 
13 767.6573 419.98758 
14 779.4915 414.0009 
15 770.6782 452.2599 
16 797.9909 441.34238 
0 745.0 303.0 
1 745.0 303.0 
2 745.0 303.0 
3 745.0 303.0 
4 745.0 303.0 
5 769.88776 339.29877 
6 794.68005 337.15283 
7 760.2297 362.66562 
8 798.85675 362.18683 
9 745.0 303.0 
10 745.0 303.0 
11 770.0821 383.24088 
12 785.3239 381.12927 
13 770.60876 413.41296 
14 745.0 303.0 
15 745.0 303.0 
16 745.0 303.0 
0 743.0 302.0 
1 743.0 302.0 
2 743.0 302.0 
3 743.0 302.0 
4 743.0 302.0 
5 768.36774 338.79123 
6 793.1325 336.49643 
7 757.8597 363.02634 
8 797.4965 361.81375 
9 743.0 302.0 
10 743.0 302.0 
11 768.22046 383.3781 
12 783.019 381.6228 
13 770.31396 414.1258 
14 770.0276 411.4058 
15 771.75 449.91992 
16 743.0 302.0 
0 740.0 293.0 
1 740.0 293.0 
2 740.0 293.0 
3 763.91693 315.58206 
4 740.0 293.0 
5 766.19824 336.11386 
6 790.30597 334.23636 
7 756.1302 361.77966 
8 795.41425 361.2646 
9 753.45886 383.92987 
10 740.0 293.0 
11 765.621 382.08505 
12 780.1276 382.01648 
13 767.14374 414.35938 
14 769.0378 412.4765 
15 769.8202 450.7965 
16 769.8885 446.30164 
0 738.0 293.0 
1 738.0 293.0 
2 738.0 293.0 
3 761.89703 314.91333 
4 777.2209 313.60806 
5 762.06714 335.6397 
6 788.8538 334.6836 
7 750.4953 361.11084 
8 793.1324 360.78503 
9 750.3704 383.84314 
10 738.0 293.0 
11 763.0275 381.15686 
12 779.4923 380.82065 
13 765.9606 417.37735 
14 768.6516 414.8296 
15 769.7982 450.78403 
16 768.75494 447.61566 
0 736.0 293.0 
1 736.0 293.0 
2 736.0 293.0 
3 759.61896 314.89005 
4 775.2126 313.3035 
5 759.2073 336.2385 
6 785.5697 335.069 
7 748.6717 359.86578 
8 791.92535 361.28043 
9 747.3681 378.81012 
10 784.4767 379.40253 
11 761.3867 382.35526 
12 777.4671 381.6007 
13 765.57776 417.88672 
14 765.80304 416.1451 
15 770.1766 452.2867 
16 761.9054 445.07697 
0 734.0 292.0 
1 734.0 292.0 
2 734.0 292.0 
3 757.65295 313.5662 
4 772.44525 312.99286 
5 757.64417 334.88647 
6 782.99963 333.90054 
7 746.59894 356.86002 
8 790.0374 358.77716 
9 743.64954 374.15228 
10 785.92126 377.2517 
11 760.1271 378.44806 
12 775.62665 378.77374 
13 764.1017 411.02356 
14 759.36926 406.71176 
15 770.5989 449.6104 
16 751.2255 434.18652 
0 732.0 292.0 
1 732.0 292.0 
2 732.0 292.0 
3 755.5649 313.95938 
4 771.03424 312.7813 
5 754.7182 334.86517 
6 780.62494 334.05542 
7 744.07806 355.8883 
8 787.44366 358.873 
9 740.7902 373.41873 
10 783.2255 377.2382 
11 757.43256 377.65118 
12 773.96185 378.01404 
13 762.3647 410.68085 
14 757.7619 406.134 
15 769.7449 448.89655 
16 746.5057 429.63498 
0 728.0 292.0 
1 728.0 292.0 
2 728.0 292.0 
3 753.38367 313.54544 
4 768.8619 313.00073 
5 752.40344 335.81155 
6 778.1949 334.7512 
7 739.96533 358.17697 
8 784.92303 361.30753 
9 739.7475 373.4543 
10 779.3712 381.27798 
11 755.44366 380.61597 
12 771.36176 379.65466 
13 760.60443 415.24738 
14 757.4585 408.70297 
15 769.33887 449.931 
16 742.9373 427.00992 
0 726.0 292.0 
1 726.0 292.0 
2 726.0 292.0 
3 751.6015 313.62335 
4 766.8822 313.05008 
5 750.11615 334.78317 
6 776.1133 334.4048 
7 738.8087 357.27155 
8 783.2882 360.86768 
9 734.534 371.49957 
10 776.33813 381.05826 
11 752.3496 379.48947 
12 768.0711 379.72656 
13 758.3934 412.5566 
14 752.22327 407.55493 
15 769.28455 449.1405 
16 739.8305 426.8692 
0 724.0 291.0 
1 724.0 291.0 
2 724.0 291.0 
3 749.8844 313.02155 
4 765.016 312.3813 
5 748.2507 333.63394 
6 773.99133 334.0915 
7 737.87225 354.14297 
8 781.145 358.89838 
9 732.93475 370.60028 
10 777.03906 377.46094 
11 749.4398 375.78442 
12 765.59656 376.86365 
13 756.9681 409.8559 
14 748.8389 405.37158 
15 768.61523 448.68735 
16 738.2377 427.05432 
0 721.0 297.0 
1 721.0 297.0 
2 721.0 297.0 
3 748.4633 312.10306 
4 762.89246 312.17307 
5 746.15607 332.50952 
6 771.4016 332.26413 
7 736.3291 354.09375 
8 777.5716 357.23102 
9 730.7076 370.68396 
10 774.06323 376.66986 
11 747.5456 375.56476 
12 762.9654 375.21698 
13 753.6589 411.30994 
14 746.0259 405.94464 
15 768.046 447.51135 
16 737.0668 426.7238 
0 719.0 296.0 
1 719.0 296.0 
2 719.0 296.0 
3 747.07904 310.68796 
4 761.69 310.2962 
5 745.1115 331.05582 
6 769.05664 329.8553 
7 734.77344 352.86035 
8 774.48126 355.80792 
9 729.13513 370.93372 
10 719.0 296.0 
11 745.3017 375.17776 
12 761.5553 374.1061 
13 750.4255 409.67163 
14 743.48865 403.98285 
15 765.8362 445.8469 
16 736.8832 426.69202 
0 717.0 286.0 
1 717.0 286.0 
2 717.0 286.0 
3 745.30096 308.17642 
4 759.7542 308.23972 
5 742.73645 329.67902 
6 768.0767 329.59943 
7 731.10077 351.1036 
8 771.9121 355.42966 
9 728.4086 370.43405 
10 766.8841 375.58136 
11 741.823 372.53952 
12 757.3605 373.18365 
13 746.3253 405.125 
14 742.88257 402.44266 
15 761.9086 439.3285 
16 737.07733 426.4029 
0 715.0 288.0 
1 715.0 288.0 
2 715.0 288.0 
3 744.0704 305.97845 
4 758.1528 306.3056 
5 740.65643 327.49356 
6 766.25946 328.67673 
7 729.80023 348.02628 
8 769.4435 355.66162 
9 727.3231 370.74863 
10 762.2122 373.70132 
11 740.8481 373.08923 
12 757.0867 373.25684 
13 742.965 405.1433 
14 743.0991 402.6664 
15 759.1224 435.5422 
16 737.6264 427.16302 
0 713.0 284.0 
1 713.0 284.0 
2 713.0 284.0 
3 741.94244 304.20505 
4 756.4417 304.19437 
5 739.14764 325.74347 
6 764.81305 326.7657 
7 727.55347 346.28302 
8 766.84863 354.43094 
9 725.7172 369.2741 
10 757.7087 374.94055 
11 739.09595 370.5314 
12 754.36884 370.75528 
13 740.13477 401.11823 
14 741.99365 400.14685 
15 749.0268 426.0938 
16 736.5536 426.49786 
0 711.0 283.0 
1 711.0 283.0 
2 711.0 283.0 
3 740.60425 303.28003 
4 754.7868 303.57602 
5 736.3371 325.1219 
6 762.56116 326.0361 
7 725.7507 346.4049 
8 765.3915 351.42468 
9 724.2315 369.13248 
10 711.0 283.0 
11 737.03064 370.10837 
12 753.057 369.68228 
13 734.6903 399.01584 
14 741.9443 397.677 
15 742.8068 424.3314 
16 740.56274 425.4589 
0 709.0 281.0 
1 709.0 281.0 
2 709.0 281.0 
3 738.8569 301.98212 
4 753.1311 301.9596 
5 735.06146 324.00732 
6 760.9397 324.69092 
7 724.623 346.7481 
8 762.96265 349.7015 
9 722.09375 366.82272 
10 755.3882 369.75903 
11 734.415 367.65137 
12 750.1916 368.352 
13 728.8208 396.55753 
14 742.8191 397.36316 
15 744.91504 419.63763 
16 738.32385 426.5498 
0 708.0 287.0 
1 708.0 287.0 
2 708.0 287.0 
3 737.1646 301.3917 
4 751.28546 301.18704 
5 734.1936 322.125 
6 759.3336 322.75113 
7 724.8982 343.83328 
8 762.4772 346.72357 
9 720.39636 365.66815 
10 755.5658 365.912 
11 734.3342 365.59186 
12 750.01245 365.06815 
13 724.7882 392.27454 
14 742.7454 394.00668 
15 736.7392 415.213 
16 740.5815 422.86658 
0 706.0 280.0 
1 706.0 280.0 
2 706.0 280.0 
3 735.9454 299.9314 
4 706.0 280.0 
5 734.1631 320.48242 
6 757.7196 322.78864 
7 723.4294 343.1469 
8 759.5445 347.30228 
9 718.53455 364.3245 
10 706.0 280.0 
11 731.21075 364.0519 
12 747.4096 364.37387 
13 723.0376 390.0644 
14 742.21027 391.064 
15 733.7728 420.4754 
16 740.6385 420.73364 
0 704.0 281.0 
1 704.0 281.0 
2 704.0 281.0 
3 733.0896 299.1107 
4 746.86896 299.40637 
5 730.54755 320.57956 
6 754.0553 321.1541 
7 720.60364 343.5606 
8 758.1314 344.7651 
9 716.66736 364.1524 
10 750.419 360.5532 
11 728.73425 364.6058 
12 745.24286 364.9278 
13 715.163 390.01303 
14 740.7909 392.3931 
15 727.8096 421.06668 
16 739.2982 423.8935 
0 703.0 280.0 
1 703.0 280.0 
2 703.0 280.0 
3 731.4049 299.06592 
4 745.39355 299.01718 
5 729.2047 320.2876 
6 753.2824 320.77536 
7 719.11237 343.30603 
8 756.9246 345.29608 
9 714.34357 364.04758 
10 747.72577 360.2964 
11 727.2854 365.5184 
12 744.5545 366.804 
13 713.7959 388.90146 
14 740.3371 393.24365 
15 719.1657 421.29224 
16 738.7508 423.2798 
0 699.0 280.0 
1 699.0 280.0 
2 699.0 280.0 
3 728.94934 297.6315 
4 699.0 280.0 
5 727.5616 318.9216 
6 750.4547 318.88745 
7 718.83636 343.74768 
8 754.62384 343.81024 
9 714.1204 364.12952 
10 699.0 280.0 
11 725.2506 363.80264 
12 743.55304 364.06665 
13 711.112 388.93243 
14 740.1587 394.53833 
15 713.08026 423.7738 
16 737.6546 425.2573 
0 696.0 279.0 
1 696.0 279.0 
2 696.0 279.0 
3 726.8074 297.03284 
4 696.0 279.0 
5 726.17334 318.26285 
6 748.73615 318.17123 
7 718.167 341.9224 
8 753.03296 344.09277 
9 712.72046 360.143 
10 696.0 279.0 
11 723.87823 364.64484 
12 741.377 364.68542 
13 709.6649 388.58368 
14 739.0047 393.50177 
15 708.311 419.11798 
16 738.5083 424.42596 
0 682.0 279.0 
1 682.0 279.0 
2 682.0 279.0 
3 724.15076 297.57968 
4 682.0 279.0 
5 722.8849 318.93323 
6 747.2674 319.04575 
7 714.64496 343.89175 
8 750.75256 341.79587 
9 710.44995 364.00854 
10 742.4261 357.2533 
11 722.05597 363.52625 
12 739.49963 364.47833 
13 708.5614 388.93933 
14 738.03217 394.26645 
15 701.79126 418.23956 
16 737.744 424.8451 
0 680.0 279.0 
1 680.0 279.0 
2 680.0 279.0 
3 722.3389 297.0686 
4 680.0 279.0 
5 721.0055 318.09152 
6 745.34375 318.53082 
7 713.00006 340.92917 
8 748.9494 342.3333 
9 710.773 362.1175 
10 680.0 279.0 
11 720.7967 363.3753 
12 738.352 363.7883 
13 707.3708 388.9065 
14 737.7336 394.15866 
15 698.2388 412.81015 
16 737.15015 424.4226 
0 676.0 279.0 
1 676.0 279.0 
2 676.0 279.0 
3 720.3166 297.03098 
4 733.8268 296.83804 
5 717.59796 318.33804 
6 741.34515 317.0464 
7 710.0119 342.4682 
8 746.3117 340.70584 
9 708.9429 364.37637 
10 676.0 279.0 
11 718.4118 362.3563 
12 735.1422 362.37833 
13 706.68823 388.64334 
14 736.1316 393.72644 
15 693.836 412.09723 
16 737.2944 425.53638 
0 677.0 279.0 
1 677.0 279.0 
2 677.0 279.0 
3 717.3313 296.36563 
4 731.2624 295.94785 
5 715.01917 318.00458 
6 739.42993 317.22537 
7 708.3753 343.20123 
8 743.8303 340.16382 
9 706.6249 365.25864 
10 677.0 279.0 
11 715.64557 361.65878 
12 732.7176 361.52972 
13 703.3927 389.2369 
14 733.8485 393.24908 
15 693.5709 411.94006 
16 736.8892 424.27075 
0 674.0 278.0 
1 674.0 278.0 
2 674.0 278.0 
3 714.2714 296.30383 
4 728.07947 295.7396 
5 712.4375 317.0881 
6 736.7896 316.87982 
7 705.3013 340.12445 
8 742.3868 339.6123 
9 704.63184 359.23065 
10 674.0 278.0 
11 714.3833 360.2057 
12 730.0321 359.90033 
13 701.6483 388.22266 
14 732.023 391.1842 
15 692.08606 413.54892 
16 736.21814 423.8699 
0 671.0 278.0 
1 671.0 278.0 
2 671.0 278.0 
3 711.86945 295.58243 
4 725.63776 294.80368 
5 709.55963 316.2487 
6 733.8324 314.86533 
7 702.6801 339.29416 
8 739.9509 338.09198 
9 671.0 278.0 
10 671.0 278.0 
11 710.67725 359.3534 
12 728.03033 358.34775 
13 699.8848 386.79788 
14 729.1451 389.7894 
15 691.3382 412.35107 
16 736.33386 423.1124 
0 669.0 278.0 
1 669.0 278.0 
2 669.0 278.0 
3 709.01306 294.77075 
4 669.0 278.0 
5 707.54047 315.24603 
6 732.1892 314.107 
7 699.66113 336.97894 
8 737.53296 336.9645 
9 699.10693 354.80066 
10 669.0 278.0 
11 706.7064 358.98358 
12 725.31177 358.7251 
13 697.1401 386.6866 
14 727.4098 389.13095 
15 690.4646 413.87598 
16 736.24036 422.41504 
0 676.0 276.0 
1 676.0 276.0 
2 676.0 276.0 
3 706.29913 292.85358 
4 720.15 292.1048 
5 703.34625 313.6277 
6 729.7587 313.3104 
7 695.76776 336.74725 
8 735.11365 337.3672 
9 696.2737 357.6249 
10 726.57166 353.28723 
11 703.7567 357.37256 
12 721.7428 357.3836 
13 696.32947 386.81754 
14 724.2306 387.20532 
15 689.93097 413.92657 
16 734.47046 419.61148 
0 676.0 275.0 
1 676.0 275.0 
2 676.0 275.0 
3 704.1 291.86618 
4 718.23236 291.38467 
5 700.79614 311.75082 
6 726.6945 311.24716 
7 692.3888 335.63385 
8 732.49884 336.43127 
9 693.33344 357.82108 
10 723.797 352.0671 
11 700.92993 356.04288 
12 718.53754 356.14575 
13 695.02094 385.60492 
14 720.7666 385.52927 
15 690.57385 413.34857 
16 733.65063 418.28787 
0 672.0 269.0 
1 672.0 269.0 
2 672.0 269.0 
3 697.735 289.63986 
4 711.77594 288.98563 
5 695.1552 309.31534 
6 721.52 309.23996 
7 684.69904 331.72858 
8 726.87836 333.7256 
9 684.0398 354.8533 
10 717.55536 350.74335 
11 696.1899 351.90747 
12 712.9171 352.1024 
13 691.6219 382.98053 
14 711.64246 379.46472 
15 690.1669 413.6505 
16 727.34094 406.22955 
