0 411.0 249.0 
1 411.0 249.0 
2 411.0 249.0 
3 411.0 249.0 
4 411.0 249.0 
5 447.01517 266.88162 
6 411.0 249.0 
7 411.0 249.0 
8 411.0 249.0 
9 411.0 249.0 
10 411.0 249.0 
11 457.84094 307.97937 
12 447.49976 307.0963 
13 464.93665 334.7378 
14 443.52234 329.05368 
15 477.2961 362.11313 
16 451.4272 356.45996 
0 409.0 250.0 
1 409.0 250.0 
2 409.0 250.0 
3 409.0 250.0 
4 409.0 250.0 
5 445.8535 266.36505 
6 433.48053 268.69983 
7 409.0 250.0 
8 409.0 250.0 
9 409.0 250.0 
10 409.0 250.0 
11 455.77176 308.03308 
12 443.38422 307.2271 
13 465.72266 336.07352 
14 440.98038 329.83493 
15 477.2793 363.10577 
16 442.21112 353.9797 
0 408.0 249.0 
1 408.0 249.0 
2 408.0 249.0 
3 408.0 249.0 
4 408.0 249.0 
5 446.18677 274.37326 
6 432.43497 275.9307 
7 453.42212 292.07898 
8 431.82797 292.8293 
9 408.0 249.0 
10 408.0 249.0 
11 453.68823 310.7017 
12 441.7475 311.28583 
13 465.47513 336.62985 
14 436.96344 335.25726 
15 477.06842 362.4616 
16 433.63187 357.9768 
0 407.0 250.0 
1 407.0 250.0 
2 407.0 250.0 
3 407.0 250.0 
4 407.0 250.0 
5 438.33307 270.43552 
6 430.37228 272.4682 
7 407.0 250.0 
8 407.0 250.0 
9 407.0 250.0 
10 407.0 250.0 
11 451.72208 311.81625 
12 441.24426 312.10776 
13 464.4231 337.62405 
14 434.29276 336.02313 
15 477.2232 362.2424 
16 430.19464 358.99237 
0 405.0 250.0 
1 405.0 250.0 
2 405.0 250.0 
3 405.0 250.0 
4 405.0 250.0 
5 441.82742 275.70972 
6 427.53064 277.72626 
7 449.8285 291.8081 
8 426.13354 293.5823 
9 405.0 250.0 
10 427.38242 304.9124 
11 448.77026 310.85156 
12 434.99677 311.3156 
13 461.761 336.25275 
14 428.63876 333.99744 
15 476.70493 362.46335 
16 430.30798 359.50644 
0 404.0 250.0 
1 404.0 250.0 
2 404.0 250.0 
3 404.0 250.0 
4 404.0 250.0 
5 432.08743 273.39917 
6 428.8237 271.91043 
7 434.96756 295.05435 
8 404.0 250.0 
9 426.24893 312.20813 
10 404.0 250.0 
11 445.29138 312.24014 
12 438.64944 312.24432 
13 460.8073 339.7758 
14 427.8075 335.81387 
15 476.10663 362.54565 
16 429.28027 360.04523 
0 394.0 249.0 
1 394.0 249.0 
2 394.0 249.0 
3 394.0 249.0 
4 394.0 249.0 
5 433.99493 277.36606 
6 423.25488 280.1252 
7 394.0 249.0 
8 394.0 249.0 
9 394.0 249.0 
10 394.0 249.0 
11 442.4231 314.5875 
12 431.7092 314.92224 
13 455.2009 338.2136 
14 424.26932 335.14685 
15 475.163 360.76993 
16 429.2873 359.79547 
0 391.0 248.0 
1 391.0 248.0 
2 391.0 248.0 
3 391.0 248.0 
4 391.0 248.0 
5 425.81985 274.74347 
6 429.57535 273.41855 
7 426.86877 294.11786 
8 391.0 248.0 
9 418.61075 307.2677 
10 391.0 248.0 
11 431.40616 314.64847 
12 440.07953 313.744 
13 422.98712 334.9032 
14 452.0825 339.27948 
15 429.098 359.8354 
16 472.73193 359.07965 
0 399.0 248.0 
1 399.0 248.0 
2 399.0 248.0 
3 399.0 248.0 
4 399.0 248.0 
5 420.50513 275.24548 
6 427.13815 271.8906 
7 421.9891 298.30392 
8 399.0 248.0 
9 414.1543 307.9128 
10 399.0 248.0 
11 428.13434 314.54175 
12 434.32108 312.8403 
13 422.75262 336.53812 
14 447.78516 338.86713 
15 429.29318 359.90814 
16 470.68085 359.74146 
0 388.0 248.0 
1 388.0 248.0 
2 388.0 248.0 
3 388.0 248.0 
4 388.0 248.0 
5 420.24847 273.44022 
6 388.0 248.0 
7 420.4107 298.6177 
8 388.0 248.0 
9 388.0 248.0 
10 388.0 248.0 
11 430.25772 315.77646 
12 430.01035 314.98273 
13 442.6405 338.80417 
14 388.0 248.0 
15 468.02448 357.4687 
16 388.0 248.0 
0 393.0 246.0 
1 393.0 246.0 
2 393.0 246.0 
3 393.0 246.0 
4 393.0 246.0 
5 415.14282 274.88782 
6 393.0 246.0 
7 393.0 246.0 
8 393.0 246.0 
9 393.0 246.0 
10 393.0 246.0 
11 423.01147 315.0348 
12 427.02673 312.9792 
13 422.23044 337.55615 
14 437.4909 337.4378 
15 428.02478 360.24786 
16 461.1632 354.00104 
0 388.0 245.0 
1 388.0 245.0 
2 388.0 245.0 
3 388.0 245.0 
4 388.0 245.0 
5 416.0205 273.20673 
6 408.7004 274.2894 
7 413.67258 295.63184 
8 388.0 245.0 
9 402.99496 303.69583 
10 388.0 245.0 
11 424.58133 312.3109 
12 415.97717 313.31995 
13 432.47668 337.43298 
14 421.02478 337.7716 
15 458.98206 353.74722 
16 428.21448 360.1115 
0 384.0 244.0 
1 384.0 244.0 
2 384.0 244.0 
3 384.0 244.0 
4 384.0 244.0 
5 414.7743 274.4621 
6 408.31754 275.79385 
7 384.0 244.0 
8 384.0 244.0 
9 384.0 244.0 
10 384.0 244.0 
11 421.25125 313.83688 
12 417.13437 313.42804 
13 421.97635 337.68216 
14 421.10092 337.13168 
15 429.12573 359.78668 
16 427.93057 359.05347 
0 380.0 244.0 
1 380.0 244.0 
2 380.0 244.0 
3 380.0 244.0 
4 380.0 244.0 
5 411.3622 272.86853 
6 380.0 244.0 
7 380.0 244.0 
8 380.0 244.0 
9 380.0 244.0 
10 380.0 244.0 
11 420.18668 312.56754 
12 419.9239 311.5499 
13 420.63138 337.20294 
14 421.52136 337.05762 
15 429.3596 358.65836 
16 427.1683 357.79645 
0 375.0 244.0 
1 375.0 244.0 
2 375.0 244.0 
3 375.0 244.0 
4 375.0 244.0 
5 407.52402 270.3351 
6 375.0 244.0 
7 375.0 244.0 
8 375.0 244.0 
9 375.0 244.0 
10 375.0 244.0 
11 421.19315 310.94226 
12 419.14178 310.16638 
13 417.5583 336.30283 
14 418.13882 335.6277 
15 375.0 244.0 
16 426.87723 358.08698 
0 378.0 244.0 
1 378.0 244.0 
2 378.0 244.0 
3 378.0 244.0 
4 378.0 244.0 
5 405.85956 268.98767 
6 400.175 268.81863 
7 378.0 244.0 
8 378.0 244.0 
9 378.0 244.0 
10 378.0 244.0 
11 414.6297 309.64587 
12 410.92804 308.5529 
13 414.7433 334.56042 
14 415.2138 334.33078 
15 429.1339 355.5385 
16 429.0453 355.7636 
0 375.0 244.0 
1 375.0 244.0 
2 375.0 244.0 
3 375.0 244.0 
4 375.0 244.0 
5 402.52222 270.61392 
6 375.0 244.0 
7 403.02676 291.3493 
8 375.0 244.0 
9 375.0 244.0 
10 375.0 244.0 
11 411.1406 310.02017 
12 411.99695 309.69672 
13 412.9361 336.06216 
14 411.9425 335.146 
15 427.72745 359.29385 
16 426.08105 357.75284 
0 372.0 245.0 
1 372.0 245.0 
2 372.0 245.0 
3 372.0 245.0 
4 372.0 245.0 
5 398.55118 269.21594 
6 396.89032 268.82178 
7 400.1897 292.29218 
8 372.0 245.0 
9 372.0 245.0 
10 372.0 245.0 
11 408.8744 308.32086 
12 409.61307 307.3128 
13 404.74002 335.39368 
14 414.94626 334.38528 
15 372.0 245.0 
16 427.88568 358.03836 
0 371.0 246.0 
1 371.0 246.0 
2 371.0 246.0 
3 371.0 246.0 
4 371.0 246.0 
5 397.93304 270.9226 
6 393.5416 269.9363 
7 401.27115 292.0472 
8 371.0 246.0 
9 392.40598 300.24008 
10 371.0 246.0 
11 407.14954 310.7641 
12 408.18146 309.57794 
13 397.593 335.84534 
14 416.12662 335.09576 
15 405.4293 361.58444 
16 428.3804 358.1208 
0 362.0 248.0 
1 362.0 248.0 
2 362.0 248.0 
3 362.0 248.0 
4 362.0 248.0 
5 394.11493 272.3366 
6 393.0805 271.17194 
7 398.6834 290.91443 
8 362.0 248.0 
9 393.49857 301.94266 
10 362.0 248.0 
11 403.34827 311.97888 
12 409.6794 310.28937 
13 394.23993 337.1746 
14 416.8999 335.11548 
15 397.15088 364.2187 
16 428.149 358.56274 
0 360.0 248.0 
1 360.0 248.0 
2 360.0 248.0 
3 360.0 248.0 
4 360.0 248.0 
5 389.85764 277.89566 
6 398.787 276.34995 
7 391.3934 296.69055 
8 360.0 248.0 
9 385.7384 305.05817 
10 360.0 248.0 
11 401.52795 314.17178 
12 409.32617 312.19086 
13 389.78912 335.81042 
14 416.3102 335.60815 
15 388.20926 363.84308 
16 427.6863 357.92856 
0 358.0 249.0 
1 358.0 249.0 
2 358.0 249.0 
3 358.0 249.0 
4 358.0 249.0 
5 390.04053 279.58618 
6 397.62183 277.6626 
7 390.41287 299.94135 
8 358.0 249.0 
9 384.90204 307.72336 
10 358.0 249.0 
11 398.42676 315.2732 
12 406.91003 313.76593 
13 384.78687 337.45895 
14 415.94672 335.64685 
15 383.11935 365.10626 
16 427.9583 357.73285 
0 357.0 250.0 
1 357.0 250.0 
2 357.0 250.0 
3 357.0 250.0 
4 357.0 250.0 
5 384.93393 277.84976 
6 382.784 276.2796 
7 390.9001 297.22894 
8 357.0 250.0 
9 357.0 250.0 
10 357.0 250.0 
11 397.1801 314.0107 
12 403.30753 311.665 
13 380.3048 338.35657 
14 414.12558 335.55997 
15 383.76883 368.1294 
16 427.87357 358.54755 
0 354.0 251.0 
1 354.0 251.0 
2 354.0 251.0 
3 354.0 251.0 
4 354.0 251.0 
5 385.16904 278.61816 
6 375.7096 281.3755 
7 354.0 251.0 
8 354.0 251.0 
9 354.0 251.0 
10 354.0 251.0 
11 398.73935 314.40704 
12 386.69705 315.81393 
13 411.2003 335.54242 
14 377.39667 338.81195 
15 427.25665 357.46802 
16 382.56885 365.84967 
0 344.0 252.0 
1 344.0 252.0 
2 344.0 252.0 
3 344.0 252.0 
4 344.0 252.0 
5 378.87332 278.77444 
6 375.04086 279.0076 
7 386.03473 299.15552 
8 344.0 252.0 
9 344.0 252.0 
10 344.0 252.0 
11 391.22714 314.1481 
12 395.10822 313.29745 
13 375.72134 339.18597 
14 410.38794 336.59 
15 382.64966 367.6238 
16 426.01593 357.3283 
0 341.0 253.0 
1 341.0 253.0 
2 341.0 253.0 
3 341.0 253.0 
4 341.0 253.0 
5 374.07886 277.19778 
6 373.2159 274.78546 
7 380.78503 296.56598 
8 341.0 253.0 
9 341.0 253.0 
10 341.0 253.0 
11 389.69983 313.44003 
12 395.18933 312.6553 
13 372.97028 339.04523 
14 404.10236 335.79263 
15 383.18408 368.62018 
16 424.34082 355.28397 
0 338.0 253.0 
1 338.0 253.0 
2 338.0 253.0 
3 338.0 253.0 
4 338.0 253.0 
5 372.9583 280.2765 
6 370.19446 278.7035 
7 338.0 253.0 
8 338.0 253.0 
9 338.0 253.0 
10 338.0 253.0 
11 385.87454 314.27887 
12 388.16882 313.14014 
13 372.31955 338.248 
14 399.65292 335.85596 
15 382.70245 368.0653 
16 421.07193 354.55408 
0 334.0 254.0 
1 334.0 254.0 
2 334.0 254.0 
3 334.0 254.0 
4 334.0 254.0 
5 364.999 279.75174 
6 369.5924 274.27536 
7 372.0327 298.86594 
8 334.0 254.0 
9 334.0 254.0 
10 334.0 254.0 
11 382.7651 313.5583 
12 391.0217 310.23035 
13 371.88287 339.76056 
14 393.61575 335.379 
15 382.72034 367.50064 
16 418.55792 352.10834 
0 299.0 252.0 
1 299.0 252.0 
2 299.0 252.0 
3 299.0 252.0 
4 299.0 252.0 
5 360.80304 276.873 
6 364.03928 269.59546 
7 299.0 252.0 
8 299.0 252.0 
9 299.0 252.0 
10 299.0 252.0 
11 378.76675 314.01532 
12 387.31143 309.5896 
13 371.27448 340.5556 
14 386.91885 334.65137 
15 382.93744 367.26657 
16 413.58377 351.8634 
0 326.0 253.0 
1 326.0 253.0 
2 326.0 253.0 
3 326.0 253.0 
4 326.0 253.0 
5 360.67798 276.8114 
6 326.0 253.0 
7 326.0 253.0 
8 326.0 253.0 
9 326.0 253.0 
10 326.0 253.0 
11 376.19247 316.0901 
12 379.08395 313.47034 
13 371.0087 340.93988 
14 383.7118 333.78653 
15 383.5025 367.20374 
16 408.4588 351.86853 
0 329.0 252.0 
1 329.0 252.0 
2 329.0 252.0 
3 329.0 252.0 
4 329.0 252.0 
5 354.2962 280.40646 
6 356.38217 270.04395 
7 359.8389 302.18625 
8 329.0 252.0 
9 329.0 252.0 
10 329.0 252.0 
11 372.6245 313.33878 
12 377.96567 308.0768 
13 370.21475 340.36734 
14 378.9337 334.64807 
15 381.96927 366.61676 
16 400.95306 352.18607 
0 323.0 252.0 
1 323.0 252.0 
2 323.0 252.0 
3 323.0 252.0 
4 323.0 252.0 
5 352.1395 280.57538 
6 355.2136 272.35422 
7 357.33023 304.97742 
8 323.0 252.0 
9 357.99142 320.2744 
10 323.0 252.0 
11 373.61072 311.7794 
12 378.49396 307.71765 
13 369.94897 340.1554 
14 374.6702 334.0423 
15 383.05704 366.19244 
16 323.0 252.0 
0 313.0 252.0 
1 313.0 252.0 
2 313.0 252.0 
3 313.0 252.0 
4 313.0 252.0 
5 350.35934 277.65503 
6 313.0 252.0 
7 313.0 252.0 
8 313.0 252.0 
9 313.0 252.0 
10 313.0 252.0 
11 372.01572 312.2494 
12 313.0 252.0 
13 369.74625 337.9791 
14 313.0 252.0 
15 382.06134 366.14597 
16 313.0 252.0 
0 301.0 253.0 
1 301.0 253.0 
2 301.0 253.0 
3 301.0 253.0 
4 301.0 253.0 
5 347.7223 277.41107 
6 301.0 253.0 
7 301.0 253.0 
8 301.0 253.0 
9 301.0 253.0 
10 301.0 253.0 
11 372.00226 309.9137 
12 363.84415 308.1899 
13 363.3723 336.623 
14 301.0 253.0 
15 380.57443 364.16666 
16 301.0 253.0 
0 300.0 252.0 
1 300.0 252.0 
2 300.0 252.0 
3 300.0 252.0 
4 300.0 252.0 
5 344.3978 270.80356 
6 337.63657 273.30212 
7 300.0 252.0 
8 300.0 252.0 
9 300.0 252.0 
10 300.0 252.0 
11 363.8744 309.5208 
12 353.64493 309.95392 
13 365.9934 337.45557 
14 353.43365 334.6994 
15 381.70505 364.84674 
16 362.41797 360.61414 
0 311.0 253.0 
1 311.0 253.0 
2 311.0 253.0 
3 311.0 253.0 
4 311.0 253.0 
5 344.5091 272.52283 
6 336.0252 274.8202 
7 311.0 253.0 
8 311.0 253.0 
9 311.0 253.0 
10 311.0 253.0 
11 360.4414 310.13312 
12 349.333 310.51974 
13 366.61618 338.70062 
14 347.029 336.28644 
15 381.78125 367.23224 
16 351.24155 361.23962 
0 301.0 253.0 
1 301.0 253.0 
2 301.0 253.0 
3 301.0 253.0 
4 301.0 253.0 
5 340.8595 274.76758 
6 333.44574 275.61572 
7 344.46326 295.16754 
8 301.0 253.0 
9 336.1663 306.28265 
10 301.0 253.0 
11 357.87372 312.1649 
12 347.2749 311.83566 
13 365.52567 340.47134 
14 341.10114 334.69128 
15 381.60727 365.83035 
16 338.87228 358.779 
0 299.0 253.0 
1 299.0 253.0 
2 299.0 253.0 
3 299.0 253.0 
4 299.0 253.0 
5 335.056 278.32593 
6 331.6594 278.93765 
7 334.74155 301.3098 
8 299.0 253.0 
9 326.0716 308.8712 
10 299.0 253.0 
11 354.66556 314.73926 
12 343.7036 314.78125 
13 364.61642 342.0224 
14 335.10645 339.1831 
15 382.3453 366.09213 
16 330.99667 364.77698 
0 297.0 253.0 
1 297.0 253.0 
2 297.0 253.0 
3 297.0 253.0 
4 297.0 253.0 
5 330.27188 278.32422 
6 325.64328 278.35275 
7 331.46442 305.2776 
8 297.0 253.0 
9 297.0 253.0 
10 297.0 253.0 
11 350.6667 312.45337 
12 341.63757 310.42294 
13 360.67004 340.06 
14 327.33862 333.33795 
15 380.983 364.62405 
16 328.94797 363.00238 
0 295.0 253.0 
1 295.0 253.0 
2 295.0 253.0 
3 295.0 253.0 
4 295.0 253.0 
5 327.66754 278.9724 
6 295.0 253.0 
7 328.6136 302.18823 
8 295.0 253.0 
9 325.7441 320.9994 
10 295.0 253.0 
11 345.1965 315.34344 
12 295.0 253.0 
13 360.62805 341.5538 
14 295.0 253.0 
15 380.15894 363.19644 
16 295.0 253.0 
0 292.0 252.0 
1 292.0 252.0 
2 292.0 252.0 
3 292.0 252.0 
4 292.0 252.0 
5 323.30194 285.20325 
6 292.0 252.0 
7 325.94193 306.53577 
8 292.0 252.0 
9 320.0117 322.0738 
10 292.0 252.0 
11 336.60657 315.53784 
12 345.24933 314.0336 
13 322.88464 338.21942 
14 350.68817 339.9933 
15 329.3367 363.85187 
16 375.43393 360.41925 
0 287.0 253.0 
1 287.0 253.0 
2 287.0 253.0 
3 287.0 253.0 
4 287.0 253.0 
5 287.0 253.0 
6 287.0 253.0 
7 287.0 253.0 
8 287.0 253.0 
9 287.0 253.0 
10 287.0 253.0 
11 335.62604 315.655 
12 325.40796 316.3727 
13 345.5882 341.55142 
14 319.84015 339.427 
15 370.7463 359.96844 
16 329.6842 364.41812 
0 284.0 250.0 
1 284.0 250.0 
2 284.0 250.0 
3 284.0 250.0 
4 284.0 250.0 
5 318.00656 280.20667 
6 312.7437 281.09607 
7 284.0 250.0 
8 284.0 250.0 
9 284.0 250.0 
10 284.0 250.0 
11 331.83185 313.89847 
12 325.73242 312.77444 
13 284.0 250.0 
14 318.3945 336.7568 
15 284.0 250.0 
16 329.05444 362.312 
0 275.0 248.0 
1 275.0 248.0 
2 275.0 248.0 
3 275.0 248.0 
4 275.0 248.0 
5 312.75327 277.05682 
6 306.35025 278.16486 
7 319.45084 299.579 
8 275.0 248.0 
9 275.0 248.0 
10 275.0 248.0 
11 321.4334 315.72064 
12 316.69534 315.11493 
13 320.19904 339.75778 
14 319.0097 339.19 
15 329.0868 362.64563 
16 326.65445 360.65 
0 278.0 247.0 
1 278.0 247.0 
2 278.0 247.0 
3 278.0 247.0 
4 278.0 247.0 
5 307.41504 275.17548 
6 300.84564 277.08832 
7 278.0 247.0 
8 278.0 247.0 
9 278.0 247.0 
10 278.0 247.0 
11 319.7356 313.55252 
12 315.12286 313.53204 
13 319.68207 338.4312 
14 317.95767 338.24277 
15 329.66467 361.76233 
16 328.27 360.42206 
0 270.0 246.0 
1 270.0 246.0 
2 270.0 246.0 
3 270.0 246.0 
4 270.0 246.0 
5 303.67365 272.00848 
6 297.71918 273.08337 
7 270.0 246.0 
8 270.0 246.0 
9 270.0 246.0 
10 270.0 246.0 
11 315.5638 312.5269 
12 309.36542 311.89465 
13 315.8207 337.46194 
14 314.65207 337.5545 
15 329.7445 360.25418 
16 270.0 246.0 
0 272.0 246.0 
1 272.0 246.0 
2 272.0 246.0 
3 285.68277 263.74112 
4 272.0 246.0 
5 301.7227 274.21567 
6 293.6333 275.28235 
7 313.4525 294.83047 
8 272.0 246.0 
9 313.58844 316.08636 
10 272.0 246.0 
11 313.74362 310.70374 
12 305.1267 312.02975 
13 312.68677 337.45914 
14 308.6995 337.9505 
15 328.886 361.61923 
16 326.85007 358.69998 
0 263.0 245.0 
1 263.0 245.0 
2 263.0 245.0 
3 263.0 245.0 
4 263.0 245.0 
5 298.16656 272.6097 
6 291.79794 273.675 
7 310.63837 295.1348 
8 263.0 245.0 
9 263.0 245.0 
10 263.0 245.0 
11 311.95468 312.4043 
12 309.01657 312.56744 
13 301.28168 337.3227 
14 316.9964 338.1864 
15 316.80997 359.84396 
16 329.167 360.9355 
0 261.0 246.0 
1 261.0 246.0 
2 261.0 246.0 
3 261.0 246.0 
4 261.0 246.0 
5 294.32343 273.9599 
6 290.81134 274.13458 
7 306.83408 294.14917 
8 261.0 246.0 
9 261.0 246.0 
10 261.0 246.0 
11 305.6289 313.05707 
12 308.06625 312.87692 
13 295.5421 337.14697 
14 315.65826 337.1734 
15 305.89697 363.02847 
16 328.79663 361.703 
0 260.0 247.0 
1 260.0 247.0 
2 260.0 247.0 
3 260.0 247.0 
4 260.0 247.0 
5 287.63068 276.26947 
6 293.24026 273.59204 
7 290.03027 299.21942 
8 260.0 247.0 
9 260.0 247.0 
10 260.0 247.0 
11 302.76233 311.2759 
12 309.38553 309.4179 
13 291.1802 336.33167 
14 314.12125 336.17148 
15 294.63254 363.61115 
16 327.98608 361.2492 
0 259.0 248.0 
1 259.0 248.0 
2 259.0 248.0 
3 259.0 248.0 
4 259.0 248.0 
5 286.1835 276.02972 
6 285.8636 274.62155 
7 259.0 248.0 
8 259.0 248.0 
9 259.0 248.0 
10 259.0 248.0 
11 301.47476 311.24615 
12 306.46378 309.04004 
13 285.67398 337.16336 
14 314.55252 336.85513 
15 284.60538 366.1761 
16 327.7918 361.33786 
0 257.0 248.0 
1 257.0 248.0 
2 257.0 248.0 
3 257.0 248.0 
4 257.0 248.0 
5 283.24252 274.99228 
6 279.74686 275.51047 
7 297.8659 292.88382 
8 257.0 248.0 
9 257.0 248.0 
10 257.0 248.0 
11 298.3976 312.75876 
12 301.3088 311.5099 
13 281.51108 337.97202 
14 311.5197 337.00076 
15 276.86963 368.5876 
16 327.89935 359.86926 
0 254.0 240.0 
1 254.0 240.0 
2 254.0 240.0 
3 254.0 240.0 
4 254.0 240.0 
5 278.7867 278.52655 
6 282.01242 276.5388 
7 254.0 240.0 
8 254.0 240.0 
9 254.0 240.0 
10 254.0 240.0 
11 291.02454 315.18692 
12 299.9046 312.8886 
13 276.6511 339.55588 
14 311.1626 337.04025 
15 275.2031 368.25653 
16 327.0698 360.06412 
0 253.0 242.0 
1 253.0 242.0 
2 253.0 242.0 
3 253.0 242.0 
4 253.0 242.0 
5 273.7057 277.5437 
6 280.85043 275.68317 
7 273.97552 297.37015 
8 253.0 242.0 
9 265.32733 307.4542 
10 253.0 242.0 
11 286.2783 312.95407 
12 295.5595 311.80475 
13 271.638 337.1589 
14 304.33212 334.56567 
15 273.79498 368.0667 
16 324.5799 356.5019 
0 243.0 250.0 
1 243.0 250.0 
2 243.0 250.0 
3 243.0 250.0 
4 243.0 250.0 
5 274.62805 279.40536 
6 267.61612 280.7038 
7 288.32535 298.74454 
8 243.0 250.0 
9 243.0 250.0 
10 243.0 250.0 
11 284.28036 317.43475 
12 287.5458 317.12073 
13 267.02307 339.93375 
14 301.7232 338.16464 
15 274.64032 369.46655 
16 322.87003 358.37384 
0 239.0 250.0 
1 239.0 250.0 
2 239.0 250.0 
3 239.0 250.0 
4 239.0 250.0 
5 273.8457 281.0917 
6 263.26825 283.21558 
7 284.09152 300.09906 
8 239.0 250.0 
9 239.0 250.0 
10 239.0 250.0 
11 283.26086 317.92737 
12 277.33044 317.51074 
13 265.77988 339.73898 
14 265.93805 340.5366 
15 274.9671 368.8618 
16 274.50348 368.2987 
0 243.0 251.0 
1 243.0 251.0 
2 243.0 251.0 
3 243.0 251.0 
4 243.0 251.0 
5 264.18112 277.9118 
6 243.0 251.0 
7 243.0 251.0 
8 243.0 251.0 
9 243.0 251.0 
10 243.0 251.0 
11 275.75412 317.74097 
12 281.83945 315.62646 
13 262.8395 340.40985 
14 285.83862 340.58032 
15 273.156 369.09622 
16 311.42465 354.72565 
0 239.0 251.0 
1 239.0 251.0 
2 239.0 251.0 
3 239.0 251.0 
4 239.0 251.0 
5 256.72693 280.97006 
6 239.0 251.0 
7 239.0 251.0 
8 239.0 251.0 
9 239.0 251.0 
10 239.0 251.0 
11 265.9538 317.59055 
12 275.69904 315.87323 
13 261.88864 341.8393 
14 239.0 251.0 
15 273.73572 367.63547 
16 239.0 251.0 
0 236.0 251.0 
1 236.0 251.0 
2 236.0 251.0 
3 236.0 251.0 
4 236.0 251.0 
5 252.09683 280.44254 
6 264.6648 277.8041 
7 236.0 251.0 
8 236.0 251.0 
9 236.0 251.0 
10 236.0 251.0 
11 262.49423 319.64523 
12 268.5206 316.98087 
13 262.16235 343.3766 
14 264.41638 340.60437 
15 273.90942 368.17142 
16 236.0 251.0 
0 230.0 250.0 
1 230.0 250.0 
2 230.0 250.0 
3 230.0 250.0 
4 230.0 250.0 
5 247.52602 282.09372 
6 262.83963 277.8067 
7 230.0 250.0 
8 230.0 250.0 
9 230.0 250.0 
10 230.0 250.0 
11 257.23358 321.20132 
12 264.10748 318.53467 
13 263.16785 344.8223 
14 266.39554 342.40002 
15 274.47327 368.242 
16 230.0 250.0 
0 219.0 250.0 
1 219.0 250.0 
2 219.0 250.0 
3 219.0 250.0 
4 219.0 250.0 
5 246.23741 276.20215 
6 219.0 250.0 
7 244.76424 298.11508 
8 219.0 250.0 
9 219.0 250.0 
10 219.0 250.0 
11 252.73463 316.55573 
12 245.82318 315.29907 
13 260.36627 341.90002 
14 240.945 336.05103 
15 272.24203 367.31915 
16 252.30356 361.3191 
0 208.0 251.0 
1 208.0 251.0 
2 208.0 251.0 
3 208.0 251.0 
4 208.0 251.0 
5 237.42795 277.48636 
6 208.0 251.0 
7 234.79126 298.06735 
8 208.0 251.0 
9 226.21182 312.45508 
10 208.0 251.0 
11 247.85635 316.42303 
12 239.09691 316.03265 
13 258.87503 342.2599 
14 232.03165 339.4135 
15 273.44498 366.13135 
16 230.94318 362.2007 
0 205.0 251.0 
1 205.0 251.0 
2 205.0 251.0 
3 205.0 251.0 
4 205.0 251.0 
5 231.5504 275.1932 
6 205.0 251.0 
7 231.61711 298.06448 
8 205.0 251.0 
9 219.17813 312.23376 
10 205.0 251.0 
11 245.00848 316.38077 
12 237.34566 316.37393 
13 256.39197 341.16525 
14 228.70535 338.98917 
15 272.51068 366.0681 
16 223.33812 363.57608 
0 202.0 251.0 
1 202.0 251.0 
2 202.0 251.0 
3 202.0 251.0 
4 202.0 251.0 
5 224.99934 279.59164 
6 236.68332 277.13614 
7 224.93878 300.31253 
8 202.0 251.0 
9 218.02142 311.85913 
10 202.0 251.0 
11 233.26678 317.86688 
12 244.25166 316.57874 
13 224.83243 341.38324 
14 254.71863 341.72403 
15 217.52722 364.5718 
16 271.6601 365.10278 
0 200.0 251.0 
1 200.0 251.0 
2 200.0 251.0 
3 200.0 251.0 
4 200.0 251.0 
5 223.29544 282.99258 
6 231.52713 281.05576 
7 221.45241 304.12485 
8 200.0 251.0 
9 208.63293 313.97604 
10 200.0 251.0 
11 229.48657 320.96338 
12 239.2627 319.4152 
13 220.20244 342.67404 
14 250.59715 343.0463 
15 213.49911 366.81775 
16 271.41586 363.8703 
0 197.0 250.0 
1 197.0 250.0 
2 197.0 250.0 
3 197.0 250.0 
4 197.0 250.0 
5 219.26486 279.85526 
6 224.7701 277.7608 
7 216.9474 302.59766 
8 197.0 250.0 
9 204.65764 315.34244 
10 197.0 250.0 
11 227.22281 319.70602 
12 234.03836 317.90732 
13 215.9208 342.90604 
14 246.02422 342.15237 
15 212.79315 367.37814 
16 265.7495 360.4979 
0 195.0 251.0 
1 195.0 251.0 
2 195.0 251.0 
3 195.0 251.0 
4 195.0 251.0 
5 213.48904 282.10645 
6 221.94829 278.90695 
7 211.88388 305.935 
8 195.0 251.0 
9 200.21892 316.2074 
10 195.0 251.0 
11 222.39713 320.73566 
12 229.18188 317.95074 
13 210.5908 342.0095 
14 236.9635 343.43872 
15 212.93921 368.008 
16 263.45496 360.32733 
0 190.0 251.0 
1 190.0 251.0 
2 190.0 251.0 
3 190.0 251.0 
4 190.0 251.0 
5 209.95407 279.56143 
6 214.9053 277.82272 
7 209.7521 303.26 
8 190.0 251.0 
9 200.65404 314.93994 
10 190.0 251.0 
11 217.19943 319.49384 
12 223.59981 317.82254 
13 208.86566 341.9056 
14 231.74953 344.22556 
15 213.83525 368.24896 
16 257.8098 359.8235 
0 163.0 248.0 
1 163.0 248.0 
2 163.0 248.0 
3 163.0 248.0 
4 163.0 248.0 
5 188.88681 277.88852 
6 163.0 248.0 
7 163.0 248.0 
8 163.0 248.0 
9 163.0 248.0 
10 163.0 248.0 
11 194.93205 318.89963 
12 195.32864 317.87772 
13 183.63191 340.13382 
14 201.41115 341.10004 
15 163.0 248.0 
16 163.0 248.0 
0 163.0 249.0 
1 163.0 249.0 
2 163.0 249.0 
3 163.0 249.0 
4 163.0 249.0 
5 187.26816 278.32642 
6 163.0 249.0 
7 163.0 249.0 
8 163.0 249.0 
9 163.0 249.0 
10 163.0 249.0 
11 192.00877 317.78845 
12 193.38426 317.17282 
13 180.56094 341.51154 
14 201.53886 341.0152 
15 163.0 249.0 
16 212.7202 364.45032 
0 160.0 250.0 
1 160.0 250.0 
2 160.0 250.0 
3 160.0 250.0 
4 160.0 250.0 
5 183.68988 277.9665 
6 181.38701 278.035 
7 193.54208 302.32144 
8 160.0 250.0 
9 160.0 250.0 
10 160.0 250.0 
11 188.9051 319.10657 
12 192.72577 317.80847 
13 174.10172 343.07056 
14 202.43782 341.74246 
15 176.61952 372.11243 
16 212.76794 364.5913 
0 157.0 243.0 
1 157.0 243.0 
2 157.0 243.0 
3 157.0 243.0 
4 157.0 243.0 
5 179.79282 279.6896 
6 175.62811 279.81073 
7 188.31328 301.48508 
8 157.0 243.0 
9 157.0 243.0 
10 157.0 243.0 
11 184.01797 318.69 
12 190.16522 317.26746 
13 172.73233 342.22507 
14 200.79382 341.08356 
15 169.98586 368.63773 
16 212.95006 364.88837 
0 143.0 253.0 
1 143.0 253.0 
2 143.0 253.0 
3 143.0 253.0 
4 143.0 253.0 
5 174.488 282.573 
6 177.9494 281.64767 
7 143.0 253.0 
8 143.0 253.0 
9 143.0 253.0 
10 143.0 253.0 
11 179.7356 322.3477 
12 188.52711 320.13156 
13 168.47083 344.50458 
14 200.66551 342.9437 
15 162.61647 369.70517 
16 212.5834 365.09766 
0 142.0 254.0 
1 142.0 254.0 
2 142.0 254.0 
3 142.0 254.0 
4 142.0 254.0 
5 166.276 284.75897 
6 178.1613 282.6348 
7 163.96123 304.37674 
8 142.0 254.0 
9 152.81126 312.1563 
10 142.0 254.0 
11 175.26251 322.53085 
12 187.50735 321.0065 
13 165.33978 346.66986 
14 198.9304 342.57507 
15 158.47531 372.12784 
16 211.75073 365.03073 
0 140.0 256.0 
1 140.0 256.0 
2 140.0 256.0 
3 140.0 256.0 
4 140.0 256.0 
5 164.65706 284.31686 
6 140.0 256.0 
7 140.0 256.0 
8 140.0 256.0 
9 140.0 256.0 
10 140.0 256.0 
11 172.73215 320.91205 
12 183.0356 320.11273 
13 160.39902 344.9018 
14 194.56984 342.6403 
15 158.4267 372.20355 
16 209.98479 364.0164 
0 139.0 254.0 
1 139.0 254.0 
2 139.0 254.0 
3 139.0 254.0 
4 139.0 254.0 
5 165.72598 285.67548 
6 161.66733 286.7385 
7 139.0 254.0 
8 139.0 254.0 
9 139.0 254.0 
10 139.0 254.0 
11 167.09676 322.93143 
12 173.8393 321.61182 
13 155.75629 345.61142 
14 187.64586 342.6762 
15 156.64975 373.0335 
16 207.32495 360.93924 
0 133.0 254.0 
1 133.0 254.0 
2 133.0 254.0 
3 133.0 254.0 
4 133.0 254.0 
5 154.10371 288.29886 
6 167.92783 285.06827 
7 155.19815 307.32642 
8 133.0 254.0 
9 133.0 254.0 
10 133.0 254.0 
11 163.58975 323.49396 
12 175.71823 322.08453 
13 153.04698 344.65506 
14 181.73761 342.04895 
15 157.05072 370.22925 
16 205.19446 361.42892 
0 134.0 255.0 
1 134.0 255.0 
2 134.0 255.0 
3 134.0 255.0 
4 134.0 255.0 
5 156.82355 282.97394 
6 134.0 255.0 
7 134.0 255.0 
8 134.0 255.0 
9 134.0 255.0 
10 134.0 255.0 
11 162.16599 322.36066 
12 167.22455 321.67673 
13 151.20705 345.00006 
14 177.72308 344.0177 
15 156.76831 371.3109 
16 201.30646 359.02228 
0 126.0 256.0 
1 126.0 256.0 
2 126.0 256.0 
3 126.0 256.0 
4 126.0 256.0 
5 155.61526 287.02252 
6 146.34558 287.9792 
7 126.0 256.0 
8 126.0 256.0 
9 126.0 256.0 
10 126.0 256.0 
11 157.51122 322.4812 
12 160.33914 321.04535 
13 149.90656 345.02563 
14 169.76035 343.11908 
15 155.97308 369.9505 
16 191.88199 356.4004 
0 121.0 256.0 
1 121.0 256.0 
2 121.0 256.0 
3 121.0 256.0 
4 121.0 256.0 
5 148.23552 286.1752 
6 121.0 256.0 
7 121.0 256.0 
8 121.0 256.0 
9 121.0 256.0 
10 121.0 256.0 
11 156.05737 322.57034 
12 165.32828 319.6724 
13 148.95927 345.71942 
14 163.12015 342.10846 
15 156.80943 370.6618 
16 187.63483 359.4413 
0 80.0 258.0 
1 80.0 258.0 
2 80.0 258.0 
3 80.0 258.0 
4 80.0 258.0 
5 103.44301 286.02036 
6 115.58065 285.48376 
7 103.89082 308.33246 
8 80.0 258.0 
9 95.9678 322.1749 
10 80.0 258.0 
11 112.32429 324.83524 
12 121.89621 323.36212 
13 102.70483 347.2692 
14 132.9963 348.31253 
15 99.71908 370.31573 
16 153.11835 369.66602 
0 67.0 257.0 
1 67.0 257.0 
2 67.0 257.0 
3 67.0 257.0 
4 67.0 257.0 
5 96.89981 287.02933 
6 67.0 257.0 
7 99.44254 308.6932 
8 67.0 257.0 
9 91.14725 324.4319 
10 67.0 257.0 
11 107.378265 324.25854 
12 114.94296 322.42737 
13 67.0 257.0 
14 67.0 257.0 
15 67.0 257.0 
16 67.0 257.0 
0 5.0 262.0 
1 5.0 262.0 
2 5.0 262.0 
3 5.0 262.0 
4 5.0 262.0 
5 5.0 262.0 
6 5.0 262.0 
7 5.0 262.0 
8 5.0 262.0 
9 5.0 262.0 
10 5.0 262.0 
11 50.084156 324.66812 
12 39.841816 324.6559 
13 27.176641 345.11426 
14 5.0 262.0 
15 30.295343 372.87433 
16 5.0 262.0 
0 -1.0 260.0 
1 -1.0 260.0 
2 -1.0 260.0 
3 -1.0 260.0 
4 -1.0 260.0 
5 -1.0 260.0 
6 -1.0 260.0 
7 -1.0 260.0 
8 -1.0 260.0 
9 -1.0 260.0 
10 -1.0 260.0 
11 40.6689 327.43936 
12 49.330547 325.70676 
13 24.90959 346.38098 
14 58.158035 347.10675 
15 29.133572 372.95923 
16 76.41675 360.85358 
0 -4.0 269.0 
1 -4.0 269.0 
2 -4.0 269.0 
3 -4.0 269.0 
4 -4.0 269.0 
5 -4.0 269.0 
6 -4.0 269.0 
7 -4.0 269.0 
8 -4.0 269.0 
9 -4.0 269.0 
10 -4.0 269.0 
11 33.571796 330.5796 
12 46.317257 328.9057 
13 22.289074 346.38412 
14 53.71844 347.8753 
15 29.876274 370.99634 
16 77.61407 362.5963 
0 -1.0 269.0 
1 -1.0 269.0 
2 -1.0 269.0 
3 -1.0 269.0 
4 -1.0 269.0 
5 -1.0 269.0 
6 -1.0 269.0 
7 -1.0 269.0 
8 -1.0 269.0 
9 -1.0 269.0 
10 -1.0 269.0 
11 31.978703 330.2024 
12 40.767555 328.9049 
13 21.459352 347.67972 
14 45.24359 345.87262 
15 28.804003 372.01382 
16 67.50182 359.26538 
0 -4.0 260.0 
1 -4.0 260.0 
2 -4.0 260.0 
3 -4.0 260.0 
4 -4.0 260.0 
5 -4.0 260.0 
6 -4.0 260.0 
7 -4.0 260.0 
8 -4.0 260.0 
9 -4.0 260.0 
10 -4.0 260.0 
11 30.839512 329.24118 
12 35.723385 328.44473 
13 19.419775 348.1274 
14 39.076946 345.88248 
15 27.985775 372.3681 
16 60.559486 358.20093 
