0 929.7512 366.6075 
1 935.8626 362.02783 
2 924.9636 361.1473 
3 947.64813 350.66144 
4 915.3117 353.22983 
5 960.8036 375.20282 
6 898.02075 367.3076 
7 972.24976 422.65576 
8 880.85547 405.8247 
9 959.8463 464.94336 
10 879.4225 441.25812 
11 938.9375 457.42816 
12 903.30695 451.50018 
13 936.92957 514.0399 
14 907.21185 505.60684 
15 939.636 571.45764 
16 918.3796 541.7035 
0 929.29016 366.79074 
1 935.70654 361.27963 
2 923.9914 360.78156 
3 946.95416 352.3384 
4 915.24963 352.8619 
5 959.42084 375.28348 
6 897.7565 367.85394 
7 972.0353 423.14407 
8 881.2431 405.53812 
9 957.64417 464.12982 
10 879.44086 441.79736 
11 939.8607 456.41693 
12 903.2479 453.7677 
13 936.8294 517.44196 
14 906.00494 503.92014 
15 938.92334 573.3397 
16 918.2763 541.72156 
0 929.5095 367.12408 
1 935.5735 362.0276 
2 924.1945 361.29736 
3 947.41284 350.94492 
4 914.24963 352.61212 
5 960.14276 375.60736 
6 897.8418 367.14893 
7 971.1065 423.3288 
8 886.97235 406.27264 
9 957.8786 465.07385 
10 879.71985 441.38965 
11 938.4978 454.11816 
12 902.9897 450.1994 
13 936.73706 517.2615 
14 903.6201 505.12445 
15 939.3573 573.04016 
16 919.11993 541.08014 
0 928.01807 367.4305 
1 934.2156 361.9904 
2 923.2255 360.99213 
3 945.6392 352.86594 
4 913.9553 352.91928 
5 958.91223 376.24335 
6 897.5249 367.3805 
7 969.57886 424.70963 
8 884.2931 406.72754 
9 955.4353 464.40375 
10 879.2446 441.77866 
11 938.75946 459.3171 
12 902.83514 454.93732 
13 936.66394 517.5879 
14 902.02454 509.7481 
15 938.71893 573.2396 
16 917.55853 542.46155 
0 926.92584 367.10666 
1 932.89404 362.14447 
2 922.1767 361.2829 
3 944.25397 351.80685 
4 912.65796 352.23663 
5 957.8194 376.86084 
6 898.7632 365.92252 
7 968.37195 425.85504 
8 887.95734 406.03802 
9 953.9787 466.76443 
10 880.0507 441.37457 
11 936.7527 459.90717 
12 901.48883 455.19217 
13 937.9829 519.4361 
14 900.2459 511.19672 
15 938.9705 571.72955 
16 916.8135 541.42346 
0 925.45264 367.71545 
1 930.91235 363.02963 
2 920.60913 361.9388 
3 943.76575 352.45383 
4 910.99646 352.35193 
5 958.80774 377.43436 
6 896.99927 368.16394 
7 967.829 427.0134 
8 884.10034 407.0442 
9 953.30884 467.22955 
10 881.96985 441.0393 
11 937.30646 459.9115 
12 901.31836 455.0713 
13 937.2226 519.79724 
14 897.815 511.28644 
15 939.8208 572.99164 
16 916.6403 542.0878 
0 922.8285 367.6966 
1 928.8516 362.6533 
2 917.86237 361.90387 
3 940.8125 353.0958 
4 908.9741 352.5154 
5 955.0837 379.10892 
6 894.67413 367.5794 
7 966.5631 427.29297 
8 881.0245 407.27136 
9 952.021 468.02362 
10 878.9974 442.27713 
11 934.86163 462.9037 
12 900.27936 458.0061 
13 937.06 521.5834 
14 896.0696 513.73193 
15 939.1234 575.2219 
16 915.5518 544.2265 
0 919.5913 368.5972 
1 925.70764 363.77948 
2 915.3752 362.73395 
3 938.1061 357.13663 
4 906.71716 353.3874 
5 955.3248 378.36722 
6 893.8815 370.2081 
7 965.3148 427.66666 
8 887.21814 409.8197 
9 951.48444 468.48602 
10 880.85754 443.2857 
11 936.64624 456.6421 
12 900.30646 455.53214 
13 936.3209 517.8761 
14 893.6446 515.4999 
15 938.9547 575.6822 
16 912.33887 547.13776 
0 918.32495 368.82278 
1 923.7913 363.72723 
2 912.6911 363.0689 
3 937.27124 353.85083 
4 904.9822 352.9383 
5 951.8965 379.3885 
6 891.19543 371.65408 
7 963.2387 429.71228 
8 883.375 413.13037 
9 949.10785 469.9634 
10 879.17194 445.10358 
11 933.7756 459.85684 
12 897.3917 459.24664 
13 936.0209 518.97235 
14 891.4449 517.8145 
15 938.86554 575.1057 
16 910.3053 552.48193 
0 911.1043 364.4527 
1 918.49927 360.17862 
2 907.24023 357.9952 
3 934.6738 355.73215 
4 866.0 317.0 
5 951.12006 380.9239 
6 889.8806 372.12576 
7 960.25433 430.72302 
8 885.7258 415.2744 
9 947.98206 471.1725 
10 866.0 317.0 
11 933.4629 456.34967 
12 897.9963 455.70764 
13 934.7975 516.33826 
14 888.7364 514.5846 
15 938.8569 574.6232 
16 903.8562 556.9697 
0 909.1963 364.86972 
1 915.2303 360.75598 
2 905.33105 358.88898 
3 934.1095 353.97003 
4 865.0 317.0 
5 948.13983 382.22916 
6 888.0614 371.91394 
7 959.13446 431.0679 
8 881.7235 411.4017 
9 946.7934 471.04742 
10 878.79333 446.6358 
11 930.85986 459.1261 
12 894.0375 457.96558 
13 935.1671 520.29156 
14 886.6991 517.6612 
15 939.0917 575.11475 
16 900.31366 564.13715 
0 906.5984 366.98547 
1 912.2097 363.0406 
2 902.18195 361.99728 
3 925.9621 355.1552 
4 896.5368 354.20773 
5 945.79193 381.12805 
6 887.5648 372.04123 
7 958.43896 430.16162 
8 881.1644 413.13983 
9 945.9469 470.9275 
10 880.5447 449.41187 
11 928.4061 460.84277 
12 893.0705 454.69632 
13 933.6855 519.0259 
14 885.8317 516.88873 
15 939.28656 573.5602 
16 893.49603 569.8653 
0 900.02985 366.16736 
1 906.11694 361.65845 
2 848.0 320.0 
3 923.95056 355.77893 
4 848.0 320.0 
5 942.68945 382.8359 
6 885.4226 374.185 
7 956.9819 431.9359 
8 879.2637 410.8239 
9 944.6879 472.2951 
10 878.38635 448.335 
11 924.9866 465.99292 
12 890.92267 460.5911 
13 930.96356 517.68713 
14 884.02374 518.36096 
15 938.3946 574.13544 
16 886.8343 575.9316 
0 895.74524 364.6805 
1 901.6137 360.43457 
2 892.40643 359.30154 
3 917.9269 357.24304 
4 843.0 322.0 
5 939.7295 383.32272 
6 881.0734 375.5005 
7 953.8372 432.48602 
8 875.1794 413.022 
9 943.8333 473.32922 
10 875.72406 449.8409 
11 926.922 462.30145 
12 890.44745 459.32397 
13 934.0562 520.41766 
14 882.17993 518.33105 
15 939.5677 574.44836 
16 878.87805 582.79626 
0 890.20465 365.0727 
1 896.6183 361.42017 
2 887.6558 358.81006 
3 914.9358 357.8943 
4 839.0 324.0 
5 935.42395 382.6539 
6 879.2979 376.94757 
7 951.9099 432.7032 
8 873.1384 415.25928 
9 942.84344 475.00903 
10 874.92377 450.32593 
11 926.3292 466.14194 
12 889.2601 464.84787 
13 932.8667 520.2992 
14 878.85657 522.16864 
15 939.2328 572.74316 
16 872.9394 581.6499 
0 887.02954 366.22745 
1 893.4025 362.24933 
2 884.5719 360.6304 
3 911.06586 359.8641 
4 836.0 319.0 
5 932.9415 383.59134 
6 875.25104 378.78714 
7 948.1075 432.76105 
8 868.5876 413.5358 
9 941.3791 473.659 
10 871.13257 446.0702 
11 924.07086 469.44888 
12 888.01544 466.36118 
13 933.758 523.95044 
14 877.69073 525.8083 
15 939.1199 573.78516 
16 868.15137 590.5203 
0 883.8198 367.2563 
1 889.81323 363.17355 
2 881.2251 361.21942 
3 906.8446 360.88303 
4 837.0 321.0 
5 929.5793 387.6445 
6 874.7003 381.8218 
7 946.3396 436.15305 
8 866.8074 420.29163 
9 938.87726 475.8482 
10 837.0 321.0 
11 921.1596 473.47205 
12 884.6583 470.95886 
13 932.8386 524.21106 
14 875.544 527.20447 
15 939.793 573.077 
16 867.64685 591.22046 
0 878.8687 367.01898 
1 884.87555 362.51807 
2 875.817 360.74896 
3 902.6166 361.63922 
4 836.0 322.0 
5 925.1672 387.8372 
6 870.2988 382.26083 
7 942.9983 436.2612 
8 863.83136 418.5307 
9 936.28845 476.2006 
10 836.0 322.0 
11 916.1793 472.6841 
12 879.2739 468.71216 
13 930.01917 524.26025 
14 873.5829 526.5112 
15 939.7105 575.09863 
16 867.5423 590.896 
0 875.9319 370.158 
1 881.04254 365.21838 
2 873.00464 364.2052 
3 898.10657 361.5857 
4 834.0 322.0 
5 920.6099 388.0844 
6 867.38513 386.83722 
7 940.8795 436.09283 
8 863.05975 430.04272 
9 933.62335 477.21582 
10 834.0 322.0 
11 915.73114 471.27652 
12 876.4046 471.9087 
13 927.9664 524.67505 
14 870.2945 528.3141 
15 939.9528 575.31396 
16 867.10016 590.91125 
0 871.4594 368.8317 
1 876.70276 363.19553 
2 868.0827 362.69562 
3 894.08704 361.4483 
4 833.0 322.0 
5 919.29785 387.314 
6 861.0243 386.51727 
7 938.7905 436.17902 
8 860.89465 435.5537 
9 931.67566 477.41357 
10 833.0 322.0 
11 911.8198 477.80606 
12 873.4372 475.75873 
13 925.04095 526.36884 
14 869.11334 530.746 
15 939.9028 574.457 
16 867.2977 591.36194 
0 867.1713 368.9931 
1 872.4581 363.69476 
2 863.9217 362.96347 
3 890.4026 360.80298 
4 840.0 322.0 
5 916.8607 387.9686 
6 858.6583 388.25418 
7 935.6511 435.5922 
8 856.4458 439.7559 
9 928.9728 477.0296 
10 840.0 322.0 
11 911.04974 476.9886 
12 872.2066 476.03586 
13 921.13293 524.7429 
14 866.76465 535.1527 
15 939.3844 575.27783 
16 867.9585 591.4545 
0 863.9644 368.05203 
1 868.8847 362.72214 
2 861.4881 362.13943 
3 886.66345 360.16916 
4 830.0 321.0 
5 914.85895 385.6065 
6 856.1967 385.51855 
7 934.07104 433.38458 
8 855.92535 438.02716 
9 926.6942 475.08228 
10 863.0586 482.96185 
11 907.4301 476.42615 
12 869.2165 476.58655 
13 917.77155 529.94006 
14 864.9545 534.6374 
15 937.0835 574.18854 
16 867.0091 593.0762 
0 861.14685 367.6318 
1 865.97003 362.49347 
2 858.28455 361.451 
3 883.10547 359.7569 
4 827.0 321.0 
5 911.18713 385.63934 
6 851.70715 387.4919 
7 932.15674 433.9529 
8 848.676 436.10736 
9 923.18805 477.89606 
10 856.55536 478.85413 
11 904.64557 477.01163 
12 866.226 476.94797 
13 913.31616 530.258 
14 863.72766 536.8846 
15 935.663 571.42505 
16 868.4073 591.6559 
0 858.688 367.0306 
1 863.42487 361.3205 
2 855.97986 360.61993 
3 880.72095 358.0094 
4 825.0 321.0 
5 908.769 385.7693 
6 849.74585 387.1283 
7 929.61865 434.26547 
8 842.1572 432.75653 
9 919.8227 478.02457 
10 845.9365 468.68536 
11 900.8788 477.4567 
12 864.15784 477.4584 
13 909.8863 532.26154 
14 863.1065 537.47534 
15 933.08765 568.16846 
16 867.6373 592.4238 
0 856.0208 366.59372 
1 861.3634 360.97083 
2 852.8264 360.6073 
3 878.98615 357.75626 
4 821.0 321.0 
5 907.1918 385.40372 
6 847.2446 387.19128 
7 927.22424 433.35596 
8 838.2318 432.02213 
9 917.6967 474.90582 
10 839.83606 467.54623 
11 897.9779 478.24463 
12 861.5736 476.18893 
13 906.9596 534.84674 
14 861.22797 539.7914 
15 930.54895 566.62524 
16 866.8372 592.99976 
0 854.11676 367.73535 
1 859.2466 361.3764 
2 850.3313 360.90134 
3 877.27515 358.01767 
4 819.0 321.0 
5 905.48035 385.66757 
6 844.1149 387.72287 
7 925.9782 432.90765 
8 833.48035 434.30255 
9 914.4574 475.61194 
10 837.71094 473.08093 
11 896.5484 479.11444 
12 859.6263 480.53003 
13 903.11725 536.266 
14 860.68713 539.0579 
15 928.12506 567.3115 
16 866.5141 594.3236 
0 852.7048 367.43106 
1 857.2108 361.90668 
2 849.33655 361.1325 
3 875.3622 357.71643 
4 817.0 321.0 
5 904.5296 385.8021 
6 842.77264 389.2492 
7 923.68365 433.4913 
8 829.7602 435.25876 
9 910.89343 474.81104 
10 834.11475 474.62698 
11 895.5704 479.0855 
12 857.4066 479.89172 
13 899.6542 537.8574 
14 860.44025 539.58356 
15 924.3047 567.70703 
16 866.69354 594.0827 
0 850.6199 368.4863 
1 856.22437 362.29517 
2 846.90967 361.5313 
3 873.1509 358.51123 
4 814.0 321.0 
5 902.5505 385.6056 
6 840.58813 390.78012 
7 922.9491 432.95514 
8 828.95483 436.03976 
9 907.85266 475.00293 
10 830.84467 475.7997 
11 893.28394 479.01212 
12 856.0141 481.53473 
13 896.31586 538.4289 
14 859.8777 536.0277 
15 919.76276 569.95154 
16 866.05536 591.1397 
0 849.2764 368.70096 
1 855.2618 362.5169 
2 845.3874 362.52032 
3 872.2405 358.85074 
4 812.0 321.0 
5 901.3978 385.62714 
6 839.9821 390.28683 
7 920.6037 434.47437 
8 825.4083 435.95508 
9 906.47595 476.06583 
10 828.3344 479.54092 
11 891.6738 480.49557 
12 854.55945 482.41727 
13 893.4133 540.8985 
14 859.4404 539.7285 
15 914.8779 571.8373 
16 866.1215 591.65625 
0 848.8365 369.52933 
1 854.31647 363.67462 
2 845.2708 363.2461 
3 871.2699 359.47528 
4 810.0 322.0 
5 900.4868 386.138 
6 837.8704 391.93298 
7 920.28503 433.98053 
8 823.20386 441.03293 
9 905.5966 475.94244 
10 826.2068 481.53305 
11 891.02704 481.9112 
12 852.81824 483.07474 
13 891.4274 542.53906 
14 859.39484 540.6726 
15 911.3398 580.7716 
16 866.474 593.74 
0 848.88153 370.20056 
1 853.9308 364.03204 
2 845.3567 363.9042 
3 870.42865 359.8804 
4 808.0 323.0 
5 899.9985 385.90033 
6 835.8401 392.87796 
7 919.99786 433.31354 
8 821.3964 439.9701 
9 905.80493 476.2683 
10 823.86206 481.4058 
11 891.7384 481.57745 
12 852.7021 484.6168 
13 888.74915 542.6793 
14 858.1548 543.1757 
15 907.5716 590.0958 
16 866.8712 593.31934 
0 848.70557 371.26288 
1 853.9633 365.59027 
2 845.1401 365.04282 
3 870.26794 361.0727 
4 808.0 326.0 
5 898.44434 386.388 
6 835.00616 393.94708 
7 920.5799 433.43927 
8 820.6201 441.52142 
9 905.40674 477.9372 
10 822.8213 483.68475 
11 889.9321 482.6372 
12 851.4107 484.00635 
13 887.6027 545.2735 
14 858.6562 542.74756 
15 901.48895 597.62177 
16 866.564 592.33826 
0 848.06165 371.9421 
1 853.7311 366.29724 
2 844.57947 365.73242 
3 870.4943 362.61533 
4 806.0 330.0 
5 898.02295 388.44135 
6 834.24066 393.2493 
7 919.824 433.51257 
8 820.08014 439.13 
9 907.82025 477.41382 
10 822.1238 483.81512 
11 888.18823 484.8746 
12 850.7365 485.4886 
13 885.9664 546.06055 
14 858.70026 543.2178 
15 895.97675 605.32837 
16 865.98834 593.6749 
0 848.49207 373.77023 
1 853.6687 368.0492 
2 844.6881 367.8136 
3 869.5764 364.4424 
4 805.0 326.0 
5 896.49615 387.8482 
6 833.0084 395.22067 
7 920.47565 432.74664 
8 818.4287 441.70392 
9 908.16315 478.68173 
10 821.2555 484.758 
11 887.7803 485.9118 
12 849.9754 486.94095 
13 884.1394 546.5438 
14 857.79364 543.5634 
15 891.131 608.3795 
16 866.8851 593.29456 
0 848.90094 375.42627 
1 854.3982 369.51672 
2 844.39056 368.9379 
3 869.74426 365.5953 
4 797.0 329.0 
5 895.5782 389.26407 
6 831.1216 397.58307 
7 920.7357 434.4468 
8 818.17303 444.09985 
9 908.0679 480.80505 
10 820.36584 486.0963 
11 887.6234 489.046 
12 850.28503 489.20093 
13 883.3514 548.9329 
14 858.99805 546.50085 
15 885.7234 610.54224 
16 865.6251 591.6561 
0 849.0654 377.43207 
1 854.4981 372.0034 
2 845.38904 371.09818 
3 870.3572 367.47202 
4 796.0 332.0 
5 897.5459 394.3192 
6 831.46735 398.99173 
7 920.1474 437.2569 
8 817.8294 444.43665 
9 909.83276 482.98987 
10 819.99426 486.94714 
11 887.3238 491.59424 
12 850.07666 491.32083 
13 881.3939 553.4331 
14 857.4899 547.05023 
15 881.4774 610.7972 
16 862.946 588.2885 
0 849.85425 380.0119 
1 855.6971 374.02176 
2 845.9545 373.3922 
3 870.95337 369.7041 
4 796.0 335.0 
5 895.4118 396.66833 
6 830.4156 402.83948 
7 919.7701 440.37918 
8 816.7018 448.1156 
9 913.1103 484.58252 
10 820.1632 488.75928 
11 885.2566 495.60727 
12 850.1473 494.59155 
13 879.98254 558.0225 
14 857.2846 551.09595 
15 876.6055 621.1084 
16 864.9002 593.00476 
0 851.4821 382.48618 
1 857.3265 376.68982 
2 847.3002 375.90366 
3 872.0066 372.41745 
4 796.0 337.0 
5 896.0367 398.21555 
6 829.9234 404.0774 
7 920.48706 442.24445 
8 816.19 450.30627 
9 912.6786 487.75525 
10 819.9031 490.0931 
11 886.45526 496.95764 
12 849.56433 497.25375 
13 876.6726 558.8443 
14 857.6388 550.5379 
15 875.0188 618.19855 
16 863.31836 593.3408 
0 852.4519 384.3311 
1 858.37317 378.2027 
2 848.3909 377.36612 
3 873.47296 373.5714 
4 796.0 339.0 
5 896.7756 400.31 
6 831.1365 403.52246 
7 919.0151 446.62424 
8 816.0578 450.4686 
9 913.2192 493.75977 
10 819.42773 492.08582 
11 885.79877 499.27435 
12 850.85077 499.97778 
13 873.90137 560.3667 
14 858.3076 555.4925 
15 873.9765 616.28485 
16 863.1058 593.8194 
0 853.6997 385.29358 
1 859.8404 379.53308 
2 849.31555 378.4907 
3 874.622 374.69223 
4 796.0 339.0 
5 897.5265 402.27924 
6 832.18866 402.87643 
7 918.2521 448.2703 
8 815.8594 450.15378 
9 914.9117 493.73602 
10 819.01556 491.34476 
11 885.27625 499.32538 
12 849.21326 499.6791 
13 872.0843 558.09436 
14 857.4425 550.3073 
15 872.9391 618.92035 
16 862.7873 591.96216 
0 854.773 385.82043 
1 860.984 379.7718 
2 849.64856 379.1964 
3 875.2565 376.29633 
4 796.0 340.0 
5 896.27765 402.78467 
6 831.6285 404.40378 
7 917.71985 450.37207 
8 816.4903 449.82785 
9 915.8354 494.2044 
10 818.85016 491.10553 
11 884.7795 496.5155 
12 848.00543 497.3006 
13 870.27277 558.55304 
14 856.8844 554.41266 
15 872.90576 619.94885 
16 861.91284 591.8181 
0 855.7515 386.02524 
1 862.4719 380.63382 
2 851.1931 379.3188 
3 877.0326 376.6616 
4 796.0 340.0 
5 896.9703 405.38556 
6 832.6121 403.83215 
7 917.21027 452.27863 
8 816.5791 448.937 
9 916.47 494.56482 
10 818.17175 490.78528 
11 883.4677 494.52512 
12 846.7523 495.1283 
13 869.6501 559.57654 
14 855.2483 551.9664 
15 873.3922 622.5268 
16 860.8892 595.893 
0 856.80273 385.9838 
1 863.4051 380.03696 
2 852.30945 378.70343 
3 877.47577 377.4865 
4 846.90936 375.03528 
5 895.9741 404.15143 
6 833.08295 403.30914 
7 916.4582 450.728 
8 815.2425 447.9726 
9 915.09827 495.5069 
10 817.43695 487.67648 
11 881.1811 494.71033 
12 844.6685 492.15332 
13 870.8854 560.8838 
14 851.3431 551.7529 
15 873.17505 625.2251 
16 859.46783 593.45667 
0 857.7109 385.10272 
1 864.64905 379.30743 
2 853.11633 378.10934 
3 878.4732 377.9129 
4 847.43 374.7566 
5 895.8392 403.34235 
6 832.6341 403.61417 
7 915.8888 450.06198 
8 815.05396 446.43274 
9 913.7138 495.8586 
10 815.91394 484.5849 
11 881.72784 496.87256 
12 845.844 497.23563 
13 870.43494 561.8009 
14 851.6467 556.06335 
15 872.91656 625.1117 
16 859.55115 590.9995 
0 858.08185 384.76944 
1 865.0624 379.09195 
2 853.81696 377.55942 
3 879.01697 377.57587 
4 848.0924 373.54364 
5 895.8378 405.06903 
6 832.0179 403.79358 
7 916.20795 454.9018 
8 814.2239 447.3236 
9 910.8406 500.85107 
10 814.1653 485.69128 
11 880.5226 500.20477 
12 842.64136 498.11572 
13 871.89453 561.9657 
14 848.53174 554.2866 
15 872.8735 624.88043 
16 859.25726 589.79724 
0 858.0239 385.63745 
1 864.7951 380.34247 
2 853.97675 378.50507 
3 878.934 378.04013 
4 848.322 373.70172 
5 895.76404 406.74237 
6 831.84894 403.57956 
7 915.4311 457.41595 
8 812.88153 446.39728 
9 909.5467 501.73483 
10 813.5172 483.77325 
11 879.2986 499.5384 
12 840.7093 498.52667 
13 872.0864 560.21466 
14 844.73175 551.83704 
15 873.1421 625.94226 
16 858.7415 588.6736 
0 857.8509 385.7406 
1 864.8305 380.58075 
2 853.8337 378.6515 
3 879.8781 378.9475 
4 848.2331 374.2514 
5 897.46875 408.4805 
6 831.8789 403.0378 
7 914.6068 459.02808 
8 813.4379 444.57654 
9 907.2724 505.37405 
10 812.00653 483.53717 
11 878.7533 500.52795 
12 839.47174 498.44153 
13 873.2879 561.86487 
14 843.1784 555.5191 
15 874.2033 622.8525 
16 858.86414 588.7813 
0 857.3623 386.20166 
1 864.7534 381.33844 
2 853.42664 378.67868 
3 878.81525 380.67175 
4 800.0 341.0 
5 896.5424 410.84787 
6 832.38495 403.11334 
7 913.887 461.9691 
8 813.0564 443.80197 
9 905.3205 508.558 
10 811.73267 482.4795 
11 878.4088 503.2473 
12 839.9867 500.04095 
13 873.23206 562.9856 
14 841.92535 557.47974 
15 873.3848 626.84125 
16 857.79175 592.9487 
0 857.059 388.18524 
1 863.89294 382.6621 
2 852.6726 380.80878 
3 878.6884 381.7412 
4 799.0 341.0 
5 897.2501 411.15842 
6 831.2805 404.83047 
7 912.6366 462.71716 
8 812.3086 443.49985 
9 904.34894 509.33743 
10 810.5724 484.4547 
11 878.16345 505.26614 
12 839.47186 499.61328 
13 872.88416 564.5664 
14 839.82355 558.17224 
15 874.13873 626.53314 
16 857.3462 590.9915 
0 855.7667 387.5985 
1 862.7173 382.98743 
2 851.9736 380.6271 
3 878.424 381.38452 
4 799.0 341.0 
5 895.8714 412.46976 
6 832.4953 403.35046 
7 910.48413 465.28412 
8 812.9289 441.91675 
9 901.99884 512.4275 
10 810.2158 483.3051 
11 875.61847 503.41473 
12 836.26965 499.01172 
13 872.39624 566.6151 
14 837.892 562.4177 
15 873.21643 627.01715 
16 856.54626 596.64435 
0 855.1344 388.47275 
1 861.8516 383.50836 
2 851.5746 381.33246 
3 877.698 382.01843 
4 798.0 341.0 
5 894.9371 412.98804 
6 830.85956 406.82227 
7 909.01855 466.9157 
8 813.3597 446.50372 
9 898.9719 513.0728 
10 810.0932 484.14594 
11 875.8814 506.75342 
12 837.2495 503.71985 
13 872.9202 569.1566 
14 836.20575 565.7969 
15 873.4803 624.4072 
16 853.58954 604.036 
0 853.27405 389.11893 
1 860.13043 384.32892 
2 850.08466 381.85703 
3 876.53375 382.80255 
4 797.0 342.0 
5 893.9541 414.1949 
6 830.72845 403.97107 
7 906.2183 468.12494 
8 813.14044 446.21677 
9 896.8628 516.0602 
10 810.0197 485.80606 
11 872.89 504.67615 
12 834.90607 501.76648 
13 874.0626 567.8325 
14 834.3394 564.1798 
15 873.1951 626.7749 
16 850.722 606.1012 
0 851.5873 389.44803 
1 859.0199 384.6771 
2 847.98267 382.2517 
3 875.53723 382.84705 
4 797.0 341.0 
5 894.09064 416.06952 
6 829.83356 408.38953 
7 905.2964 470.68787 
8 812.8815 449.0007 
9 893.28784 516.91547 
10 810.36414 486.93988 
11 875.1512 506.888 
12 836.2266 502.13593 
13 873.6346 569.0606 
14 833.2246 563.19147 
15 874.30066 628.2736 
16 845.8179 613.7018 
0 850.0293 390.96457 
1 857.1396 385.57867 
2 846.5619 383.72638 
3 873.8056 385.14093 
4 796.0 343.0 
5 891.90814 417.87366 
6 829.9118 409.036 
7 904.0584 471.67953 
8 812.74457 449.08484 
9 891.17267 516.7201 
10 810.22217 487.42023 
11 873.17633 508.98755 
12 834.395 503.5077 
13 873.0226 572.22375 
14 830.93396 570.1043 
15 873.782 627.3783 
16 843.33325 620.9203 
0 848.5218 392.8318 
1 855.1414 387.67477 
2 845.1773 386.01718 
3 871.38684 386.77435 
4 796.0 345.0 
5 890.6758 420.37134 
6 828.7917 410.6799 
7 903.6776 472.66907 
8 813.4111 450.2589 
9 890.12604 516.8744 
10 810.8197 488.23026 
11 871.3135 509.12305 
12 833.5674 504.51117 
13 871.9831 572.4197 
14 829.5115 570.4136 
15 873.1981 627.89856 
16 838.7957 629.5897 
0 846.1282 394.64337 
1 853.1575 389.55872 
2 842.56226 387.5335 
3 869.452 388.08923 
4 794.0 350.0 
5 890.16156 421.5158 
6 826.88086 413.60846 
7 902.06683 475.16116 
8 812.0622 454.06027 
9 885.58484 517.6868 
10 810.9521 491.22638 
11 871.01605 514.69543 
12 833.7989 513.1954 
13 873.05444 572.7449 
14 829.41205 575.4957 
15 872.98364 630.62415 
16 833.36127 636.28723 
0 843.4085 396.51804 
1 850.8966 391.66257 
2 840.26404 388.67535 
3 866.9799 390.4543 
4 792.0 354.0 
5 887.99164 423.05344 
6 825.1784 415.0365 
7 900.53284 476.47574 
8 812.4165 456.81665 
9 885.5106 520.6409 
10 810.9284 494.30634 
11 871.6671 515.9259 
12 833.58545 511.44797 
13 872.1266 572.6477 
14 827.7431 576.7794 
15 873.01166 630.28015 
16 828.0172 643.7948 
0 840.70734 398.2613 
1 847.7355 392.75446 
2 837.8523 390.08054 
3 865.4788 391.1942 
4 790.0 357.0 
5 886.1146 423.78375 
6 823.49036 415.27417 
7 898.47327 476.39374 
8 809.007 457.54907 
9 883.63275 521.3993 
10 808.5162 494.8994 
11 870.37885 515.4228 
12 830.8114 513.5721 
13 872.7141 575.827 
14 827.1796 579.7904 
15 873.1756 630.70135 
16 824.35156 646.94836 
0 838.5817 400.6801 
1 845.36145 395.50006 
2 835.258 393.04877 
3 861.91766 393.7151 
4 787.0 352.0 
5 883.5117 426.2403 
6 819.77167 421.60922 
7 898.0486 479.0169 
8 808.0891 462.6544 
9 882.2943 522.471 
10 807.05096 491.6695 
11 869.6323 517.06995 
12 829.48 515.5512 
13 872.99896 576.34595 
14 825.97144 583.08344 
15 872.9509 630.51764 
16 821.89795 654.46106 
0 835.4082 402.3506 
1 842.1669 397.0021 
2 831.97577 394.5703 
3 859.4809 395.56625 
4 787.0 355.0 
5 881.72144 429.3808 
6 817.07214 423.72238 
7 895.66833 480.92072 
8 805.9428 465.84814 
9 882.5798 523.5933 
10 807.41064 501.12567 
11 867.8605 517.0742 
12 827.5108 516.67554 
13 871.2334 571.7474 
14 825.54285 585.5994 
15 873.425 627.5283 
16 820.8274 657.6504 
0 832.48956 404.58517 
1 839.4492 399.04034 
2 828.69055 397.0039 
3 856.84595 397.4578 
4 788.0 358.0 
5 878.4708 431.3569 
6 813.43445 425.60754 
7 895.3311 484.78735 
8 803.46014 472.0522 
9 881.47186 527.708 
10 788.0 358.0 
11 864.7818 524.6002 
12 824.74133 526.5173 
13 871.589 577.8383 
14 823.6569 591.7373 
15 873.4417 629.22473 
16 821.45105 661.17834 
0 828.8015 406.00482 
1 835.7662 400.35278 
2 825.0914 397.75116 
3 852.00757 400.3021 
4 786.0 360.0 
5 876.42303 433.56363 
6 811.33417 430.2852 
7 894.1063 485.74396 
8 801.3949 475.57507 
9 880.9557 529.61786 
10 786.0 360.0 
11 864.0831 523.9149 
12 824.2887 524.3163 
13 869.64575 577.47375 
14 822.90607 593.109 
15 873.5664 630.396 
16 821.91626 663.38245 
0 825.4322 407.47092 
1 832.0543 401.62622 
2 821.91583 399.93048 
3 848.98193 400.51172 
4 784.0 362.0 
5 872.5593 434.42593 
6 806.7234 433.635 
7 892.7866 486.57312 
8 801.9174 488.3782 
9 881.11346 533.15515 
10 784.0 362.0 
11 862.8516 528.19727 
12 821.48755 529.8623 
13 866.4088 575.92584 
14 821.7935 591.98816 
15 873.63135 627.1504 
16 821.40436 663.38525 
0 821.71606 407.67264 
1 828.3411 401.97168 
2 818.2077 400.2796 
3 844.424 400.80194 
4 782.0 362.0 
5 870.7936 432.32452 
6 804.1979 432.6529 
7 889.5479 486.92456 
8 794.42267 479.158 
9 880.99023 533.24646 
10 796.6291 514.578 
11 858.5559 528.3272 
12 816.8008 528.692 
13 863.28046 582.44165 
14 819.4447 595.8522 
15 872.9538 629.2116 
16 822.06964 663.2554 
0 818.1633 408.32083 
1 824.842 402.07083 
2 814.6446 400.68494 
3 841.46436 400.36975 
4 779.0 362.0 
5 867.30884 432.91333 
6 802.38043 434.06573 
7 888.0648 484.98468 
8 794.0567 482.61053 
9 881.8141 533.102 
10 795.0046 520.1688 
11 855.229 527.75745 
12 814.10925 527.97845 
13 859.80176 584.9491 
14 818.92334 595.5565 
15 872.3903 628.33435 
16 821.75323 665.34717 
0 814.7399 408.05426 
1 821.20215 401.49973 
2 810.546 401.07587 
3 837.4155 399.7618 
4 776.0 362.0 
5 864.5974 430.21326 
6 799.25946 434.45416 
7 886.6732 482.71716 
8 791.06055 483.18976 
9 882.2273 532.45105 
10 792.68726 521.7177 
11 854.20013 529.8118 
12 812.0382 528.6047 
13 856.9976 589.66956 
14 816.9129 597.4516 
15 870.7349 623.5769 
16 820.9211 664.82007 
0 812.2242 409.44272 
1 818.10144 403.02924 
2 808.36066 402.54456 
3 835.54584 399.19357 
4 774.0 362.0 
5 863.3865 430.50308 
6 799.06506 434.39496 
7 887.2749 483.6749 
8 788.9947 486.0218 
9 881.8548 532.8058 
10 790.39636 525.6627 
11 852.49756 529.3573 
12 811.52045 530.1891 
13 854.1461 591.8126 
14 815.1545 600.3004 
15 868.4654 620.6045 
16 821.71967 662.82715 
0 810.02704 409.65424 
1 815.37585 403.69022 
2 806.0075 402.98358 
3 832.3352 400.71564 
4 765.0 363.0 
5 861.60913 430.96362 
6 796.34424 435.90997 
7 886.34875 480.9777 
8 784.5139 485.50604 
9 880.6609 529.5008 
10 786.937 526.65765 
11 851.07605 533.0962 
12 808.5045 530.42676 
13 851.7017 597.1972 
14 814.48785 603.82007 
15 864.89966 619.41455 
16 821.19305 666.11414 
0 808.2111 410.60687 
1 813.6527 404.20966 
2 804.23804 404.0844 
3 830.9427 401.12854 
4 763.0 363.0 
5 859.97754 431.7295 
6 792.54926 437.88025 
7 886.096 480.3996 
8 781.0414 488.20856 
9 880.7084 528.6635 
10 783.5957 530.70715 
11 849.2089 534.12195 
12 806.38513 534.3263 
13 850.8952 599.60657 
14 813.1184 603.1459 
15 863.79755 627.2508 
16 820.80096 666.00543 
0 806.7118 411.52612 
1 812.6826 404.9147 
2 801.78894 404.80618 
3 828.9983 401.50714 
4 761.0 364.0 
5 858.2476 431.97003 
6 791.08606 439.78015 
7 885.9932 480.14923 
8 777.44666 489.63745 
9 879.88116 529.0684 
10 780.57086 531.9636 
11 849.0185 532.42676 
12 806.3352 533.3528 
13 848.9817 600.0754 
14 812.0278 603.63 
15 860.4065 627.58215 
16 820.95465 666.8391 
0 805.2485 412.548 
1 810.5847 405.90265 
2 800.84644 406.1966 
3 828.62134 402.24313 
4 759.0 364.0 
5 858.06464 431.9839 
6 788.32336 441.56085 
7 884.63293 479.7591 
8 774.90814 492.56506 
9 879.22034 529.2525 
10 778.1392 534.3208 
11 848.5275 532.54236 
12 804.5288 533.9082 
13 847.30634 598.507 
14 811.1105 602.4044 
15 857.2285 632.45557 
16 820.19507 665.6657 
0 804.516 414.19818 
1 810.1566 407.24625 
2 799.21124 408.09647 
3 826.87036 403.35046 
4 757.0 365.0 
5 855.1529 432.8352 
6 786.5639 442.9431 
7 883.565 479.8833 
8 771.1092 493.0628 
9 878.22394 530.23975 
10 775.98724 537.6288 
11 846.70013 536.1774 
12 804.0774 537.9925 
13 845.3702 603.4756 
14 810.6868 604.64575 
15 855.7603 643.64655 
16 820.1821 665.8077 
0 803.9767 415.7057 
1 809.71674 409.38232 
2 799.3167 409.3025 
3 825.49176 404.61722 
4 755.0 365.0 
5 854.3763 434.1019 
6 784.8445 444.55786 
7 881.95074 480.4162 
8 768.6658 494.85553 
9 876.89 531.2481 
10 774.3703 540.37897 
11 845.905 537.9606 
12 804.0131 540.3938 
13 843.56494 605.44055 
14 811.1855 606.6887 
15 852.9023 654.3966 
16 821.09314 666.11017 
0 803.7989 416.91327 
1 809.7065 410.69043 
2 798.9077 410.2698 
3 825.3606 405.94763 
4 754.0 366.0 
5 852.8388 435.79764 
6 782.7527 446.0321 
7 881.1812 481.60605 
8 768.1154 496.72797 
9 875.60394 530.7736 
10 773.51 541.1079 
11 846.5835 538.18066 
12 804.02637 541.17676 
13 840.9146 607.2686 
14 810.9333 609.33435 
15 849.7968 656.85547 
16 819.82916 662.76 
0 804.02747 419.63193 
1 810.1582 412.30112 
2 798.68756 412.05035 
3 825.2552 407.28076 
4 752.0 371.0 
5 854.1577 437.7083 
6 780.58966 446.98093 
7 880.82983 482.98077 
8 766.1926 498.4522 
9 873.07135 531.98914 
10 771.02936 543.0991 
11 848.2007 540.13416 
12 803.522 543.4167 
13 840.31683 608.93097 
14 810.5559 608.4734 
15 847.15137 666.9258 
16 820.177 664.3019 
0 804.2167 421.88098 
1 810.32434 414.24115 
2 798.2332 414.79272 
3 824.7732 409.18262 
4 791.8428 411.53735 
5 851.03326 438.50293 
6 781.6223 446.84058 
7 879.9104 484.25394 
8 764.8446 499.58722 
9 872.9347 533.5449 
10 770.07556 544.73413 
11 845.00604 542.3617 
12 803.3271 544.5078 
13 840.03235 612.0263 
14 810.86774 610.36694 
15 843.0158 676.89557 
16 819.56604 666.2844 
0 804.3991 423.36105 
1 810.7309 416.104 
2 798.4579 416.16025 
3 824.70776 410.53677 
4 791.5216 413.47864 
5 852.82007 440.26666 
6 780.50586 450.4341 
7 878.4512 487.2008 
8 763.8214 502.0611 
9 870.99097 538.469 
10 768.35565 548.27216 
11 846.6033 550.6405 
12 803.91565 551.3594 
13 837.6721 614.74677 
14 810.3062 612.74725 
15 840.1463 683.17175 
16 820.2679 661.8526 
0 805.14233 426.39264 
1 811.4019 419.07355 
2 799.23584 419.3197 
3 825.5856 413.68066 
4 792.0637 415.7706 
5 851.3214 442.03458 
6 778.85345 450.27985 
7 876.6797 489.88947 
8 763.64325 503.4707 
9 868.9242 538.87146 
10 767.9711 549.8063 
11 845.54193 551.3718 
12 803.89484 551.7273 
13 836.7355 619.49023 
14 810.1885 611.6641 
15 836.1189 684.76746 
16 821.7506 670.02576 
0 806.26276 429.01202 
1 812.4798 422.02332 
2 799.8693 422.65173 
3 826.1625 416.50522 
4 792.18036 418.96448 
5 851.00397 444.71503 
6 778.03143 453.9929 
7 875.5151 492.56177 
8 762.50757 506.437 
9 867.33606 544.2351 
10 768.09717 551.81116 
11 844.596 554.38403 
12 802.18427 554.61163 
13 836.4583 620.0863 
14 808.7559 610.9768 
15 834.16516 684.6638 
16 818.4187 666.3602 
0 807.34424 431.75497 
1 812.91284 424.44208 
2 801.0964 425.34454 
3 826.3666 419.32745 
4 793.4175 422.10516 
5 847.6804 446.5168 
6 776.49243 455.87323 
7 873.86707 496.30432 
8 761.3618 509.94696 
9 866.53796 548.8927 
10 767.7002 553.61615 
11 840.1372 557.5221 
12 799.5882 561.4516 
13 833.69257 624.02136 
14 808.0231 614.6465 
15 828.9162 693.67395 
16 816.47363 664.0295 
0 807.4122 434.1774 
1 814.667 427.2462 
2 801.3522 426.6357 
3 828.1458 421.9956 
4 792.5554 421.4201 
5 849.34924 452.95844 
6 776.0002 458.059 
7 874.4552 502.44742 
8 760.84607 511.0299 
9 867.3149 551.42505 
10 766.9046 554.9983 
11 840.0151 561.5886 
12 798.28546 563.9458 
13 829.1724 624.5649 
14 809.4994 617.82574 
15 827.80536 688.24274 
16 817.16797 665.2378 
0 808.36523 436.32614 
1 814.9258 429.27408 
2 802.541 429.7275 
3 828.23193 424.187 
4 795.3711 424.97342 
5 850.77185 455.66064 
6 774.4365 460.62253 
7 872.7527 505.65326 
8 758.80945 512.7272 
9 868.03174 553.4429 
10 765.9168 556.87256 
11 838.36304 558.20386 
12 797.177 562.87585 
13 829.29663 630.40515 
14 807.19104 620.3715 
15 827.3528 689.10876 
16 817.4441 665.6526 
0 809.46643 438.05426 
1 816.16705 431.25595 
2 803.4624 431.10342 
3 828.92664 426.55023 
4 795.90796 426.7342 
5 849.8826 458.80762 
6 775.8711 461.373 
7 871.5774 507.97217 
8 758.04285 513.4818 
9 868.20654 554.0986 
10 765.5998 557.6611 
11 835.3361 560.9929 
12 793.8751 564.5542 
13 824.354 629.3837 
14 807.45404 620.83014 
15 825.7723 692.7548 
16 815.10693 668.2378 
0 810.1621 439.06345 
1 817.24927 432.64288 
2 804.4623 432.00433 
3 829.6165 428.47513 
4 796.14655 426.52585 
5 850.0945 459.3859 
6 776.405 460.70712 
7 869.954 509.92014 
8 756.8989 512.1726 
9 867.5081 555.9106 
10 763.2052 556.4171 
11 834.3079 560.74176 
12 792.4847 562.5703 
13 825.0493 631.8594 
14 806.04474 620.0069 
15 824.85834 694.5006 
16 813.562 667.84406 
0 809.90576 439.5474 
1 817.356 433.25812 
2 804.3235 432.18936 
3 829.7527 429.06955 
4 796.4238 426.3812 
5 849.9598 460.0229 
6 774.17786 460.2595 
7 868.90155 511.35135 
8 756.9436 511.7202 
9 867.1667 557.057 
10 762.1448 557.7272 
11 831.9104 563.9888 
12 789.8201 563.38794 
13 821.7701 635.8937 
14 805.4397 625.6362 
15 823.8683 697.5761 
16 817.8474 670.88 
0 809.95526 439.5877 
1 817.6727 433.23816 
2 804.2257 432.1992 
3 830.844 429.03043 
4 795.9721 426.6571 
5 848.9965 460.03275 
6 774.5615 459.07138 
7 868.4887 512.63574 
8 754.6885 510.57614 
9 863.8657 559.4901 
10 760.97516 556.36926 
11 831.9047 562.8133 
12 788.72375 563.70276 
13 820.7637 635.33264 
14 804.72284 625.57385 
15 822.67444 700.14667 
16 815.7902 668.0996 
0 809.78235 440.05997 
1 817.7062 433.64548 
2 804.2068 432.2677 
3 830.3747 429.21204 
4 795.886 426.11325 
5 847.6722 461.0021 
6 773.5291 459.2328 
7 867.4298 513.2877 
8 753.66565 510.2257 
9 862.3135 563.2405 
10 758.6072 556.3065 
11 830.3296 564.95074 
12 786.8563 566.581 
13 819.65137 635.6163 
14 799.472 627.3811 
15 823.704 700.3942 
16 811.1717 662.7175 
0 808.5689 440.97443 
1 816.2965 434.53476 
2 803.29846 433.19196 
3 829.8121 430.61523 
4 795.4586 427.83282 
5 847.7755 463.14514 
6 773.46674 459.53223 
7 866.62585 517.0614 
8 754.1025 508.53946 
9 860.609 567.0552 
10 755.7718 553.7311 
11 830.3959 563.90546 
12 786.90857 565.71686 
13 820.2047 635.282 
14 796.54333 628.196 
15 822.89545 700.74133 
16 812.7454 665.8394 
0 806.8999 441.30536 
1 814.44977 435.25037 
2 801.915 433.43085 
3 828.70624 431.0779 
4 794.8592 426.16214 
5 847.13684 465.04886 
6 772.2022 460.13962 
7 864.79675 520.58276 
8 752.16486 509.46298 
9 858.5526 570.3976 
10 753.0243 554.6244 
11 829.19324 568.47076 
12 783.329 566.76654 
13 820.1759 638.8564 
14 792.4296 631.3228 
15 823.73627 700.71783 
16 811.2469 667.18054 
0 805.2274 442.8557 
1 812.7071 436.83655 
2 800.47864 434.74374 
3 827.4153 433.6804 
4 793.12115 429.39038 
5 844.5418 468.1468 
6 770.33887 461.0514 
7 863.2484 522.13855 
8 751.7363 509.04913 
9 856.33813 573.8615 
10 751.0927 553.68176 
11 826.4584 569.58563 
12 783.23334 567.211 
13 821.20483 637.53 
14 788.5713 632.9922 
15 823.95685 707.9031 
16 808.8196 660.94556 
0 802.55005 444.1993 
1 810.875 438.12317 
2 797.68506 435.99365 
3 826.5402 434.88318 
4 790.6161 430.44562 
5 844.6654 470.72952 
6 769.0007 462.38403 
7 861.66113 525.4591 
8 750.8704 510.7359 
9 855.0726 577.62146 
10 748.56116 555.6949 
11 824.0512 572.05676 
12 781.9976 568.56085 
13 821.479 642.737 
14 785.6008 635.7577 
15 824.4698 708.51483 
16 807.0071 664.4897 
0 800.4719 445.8581 
1 807.99536 439.21802 
2 795.50323 437.42032 
3 823.8801 436.84973 
4 789.3164 432.03778 
5 842.32294 472.097 
6 767.178 464.11688 
7 859.42926 526.7856 
8 748.8804 510.80713 
9 851.6739 578.2634 
10 746.01025 555.8354 
11 823.51697 570.6554 
12 779.74255 564.6638 
13 821.5491 643.203 
14 780.61523 639.85114 
15 824.4591 704.99414 
16 804.165 667.2815 
0 797.4882 446.91626 
1 805.27637 440.8646 
2 792.66455 438.5595 
3 821.4184 436.67563 
4 786.4295 432.5373 
5 841.3021 473.38995 
6 765.55774 466.476 
7 857.0481 530.3522 
8 746.98114 511.53693 
9 850.05396 580.9554 
10 744.9586 555.2278 
11 822.16895 570.5968 
12 776.8159 563.4582 
13 822.9607 645.333 
14 776.8502 640.1672 
15 824.3551 702.69366 
16 799.6958 671.1221 
0 795.1102 447.38647 
1 802.35944 441.1816 
2 790.08826 439.17166 
3 818.5173 438.38925 
4 784.16534 434.61517 
5 840.05096 475.04108 
6 763.5939 466.4585 
7 854.0321 532.52625 
8 746.23724 512.2228 
9 845.7299 583.2737 
10 744.90955 555.7238 
11 820.5542 574.1052 
12 775.7758 568.0752 
13 821.728 645.53436 
14 773.3436 643.7612 
15 825.0648 704.56085 
16 797.20844 676.05286 
0 790.8356 449.50266 
1 798.8948 442.87634 
2 786.0837 441.20532 
3 815.18427 439.3358 
4 728.0 400.0 
5 836.1398 476.08508 
6 762.89014 468.7724 
7 852.0604 533.04126 
8 745.2691 514.0767 
9 842.2495 584.5761 
10 743.6107 557.11035 
11 817.69763 580.1002 
12 774.9956 575.9684 
13 818.89734 646.2671 
14 769.3677 643.4519 
15 824.31165 705.7499 
16 790.51794 683.5255 
0 786.1598 449.87094 
1 793.7366 443.77454 
2 781.5677 441.89908 
3 812.52045 440.6623 
4 726.0 401.0 
5 834.28235 478.8932 
6 760.14435 469.84448 
7 849.0223 535.65265 
8 744.3462 516.1707 
9 838.5344 586.8801 
10 742.5638 559.98816 
11 815.8458 580.83496 
12 770.563 575.6862 
13 819.09845 647.6556 
14 765.8368 645.626 
15 824.5839 706.76245 
16 783.0982 694.5931 
0 781.3548 450.63025 
1 789.55273 444.66098 
2 776.93604 442.32275 
3 807.3848 443.45883 
4 725.0 401.0 
5 828.45605 479.31915 
6 755.8967 473.10846 
7 845.7064 537.6868 
8 743.765 521.1564 
9 834.90857 588.31604 
10 741.96246 560.75464 
11 810.2036 588.18005 
12 767.17426 584.77136 
13 816.20264 650.0552 
14 761.3627 645.4186 
15 725.0 401.0 
16 772.97266 702.5033 
0 777.06915 453.10254 
1 785.6518 446.60504 
2 772.13763 444.85217 
3 803.98413 444.42905 
4 723.0 403.0 
5 825.30426 480.50598 
6 752.6196 475.8282 
7 842.89954 540.94904 
8 740.0469 522.9453 
9 831.9207 590.18506 
10 740.6012 562.27325 
11 808.65784 589.231 
12 765.0795 584.8746 
13 818.9653 649.81775 
14 758.67926 652.4203 
15 823.3282 707.9062 
16 763.4508 706.6607 
0 771.7305 456.47165 
1 778.75885 450.47156 
2 767.9276 448.33646 
3 797.97003 447.79047 
4 720.0 403.0 
5 821.51605 481.95367 
6 749.00824 479.8825 
7 839.364 541.47626 
8 737.5535 527.74506 
9 826.52795 593.4269 
10 739.60614 566.75024 
11 805.4388 594.82434 
12 762.9474 591.1564 
13 817.48566 652.0321 
14 754.47546 656.86096 
15 823.864 707.9679 
16 720.0 403.0 
0 767.35535 459.34445 
1 774.99304 452.6026 
2 763.05615 450.878 
3 792.6879 449.03342 
4 717.0 405.0 
5 818.39246 484.5929 
6 747.33234 481.7829 
7 835.27216 545.69714 
8 735.87195 534.4529 
9 824.68005 594.79846 
10 738.17035 573.9724 
11 805.24225 593.2739 
12 760.5484 589.74744 
13 817.2037 650.10004 
14 750.14417 655.66235 
15 822.65607 709.5502 
16 743.07104 714.86365 
0 761.0679 461.28925 
1 768.94196 454.6756 
2 756.7191 452.11514 
3 787.7045 452.18292 
4 714.0 415.0 
5 813.9668 488.88187 
6 742.2646 485.34082 
7 831.64667 548.23083 
8 735.9881 541.69135 
9 819.35284 596.64636 
10 714.0 415.0 
11 803.49756 589.8633 
12 757.08374 593.9251 
13 817.9014 649.68726 
14 746.07935 660.65155 
15 824.6411 711.8209 
16 714.0 415.0 
0 755.74603 463.85287 
1 763.1959 456.76535 
2 751.01294 454.97964 
3 782.2068 454.86078 
4 710.0 416.0 
5 809.1946 490.7242 
6 739.1 492.63147 
7 828.1113 551.4226 
8 740.46735 563.6565 
9 816.74164 600.568 
10 710.0 416.0 
11 803.37463 597.8008 
12 759.05493 600.797 
13 815.6631 653.1494 
14 742.4255 661.7074 
15 823.9722 707.85974 
16 710.0 416.0 
0 750.11414 464.96677 
1 757.72015 458.67358 
2 745.2078 456.23474 
3 777.4878 457.22217 
4 706.0 416.0 
5 804.9232 492.49054 
6 732.00104 493.65863 
7 824.4033 553.64307 
8 730.9692 555.5481 
9 813.0402 602.4367 
10 706.0 416.0 
11 797.8444 597.8876 
12 752.33344 603.1244 
13 813.01764 655.0235 
14 742.26666 665.3246 
15 824.4343 709.2136 
16 706.0 416.0 
0 743.6598 466.70352 
1 751.24225 459.593 
2 739.7784 457.68616 
3 770.83545 457.9975 
4 702.0 418.0 
5 799.89795 493.16638 
6 728.88354 493.6397 
7 820.3823 554.2943 
8 725.48645 550.23444 
9 811.3862 603.4137 
10 702.0 418.0 
11 792.84125 603.1748 
12 746.21747 604.4265 
13 808.4621 659.3368 
14 737.5293 671.27985 
15 824.0599 707.0609 
16 702.0 418.0 
0 738.3483 466.8101 
1 745.4497 459.9491 
2 735.2768 458.63132 
3 765.7489 457.27844 
4 698.0 417.0 
5 795.00867 491.79346 
6 725.4235 492.8078 
7 817.3334 551.0116 
8 719.07825 550.30457 
9 806.74304 600.56604 
10 698.0 417.0 
11 787.50183 602.70325 
12 742.31116 602.8143 
13 801.6879 657.4931 
14 733.8162 666.7905 
15 824.1541 708.2937 
16 698.0 417.0 
0 732.7798 466.2231 
1 739.9449 459.3378 
2 729.51733 457.76544 
3 760.0672 457.8497 
4 695.0 418.0 
5 790.9825 491.4123 
6 720.4626 493.73755 
7 812.6272 550.91565 
8 713.4579 547.74445 
9 802.7315 601.7774 
10 718.9964 590.50037 
11 781.8898 600.2929 
12 735.9044 599.6831 
13 795.25775 659.1249 
14 732.53174 664.6055 
15 822.30444 708.40283 
16 695.0 418.0 
0 728.2968 465.20407 
1 735.02014 458.22214 
2 724.18286 457.5234 
3 754.60077 456.62466 
4 692.0 417.0 
5 787.07654 490.87955 
6 716.4404 494.3419 
7 811.09406 550.46 
8 713.425 554.91406 
9 799.0491 601.1927 
10 692.0 417.0 
11 778.1388 600.3833 
12 733.7003 599.95306 
13 790.11365 664.9291 
14 730.86536 669.8009 
15 821.07605 706.2645 
16 692.0 417.0 
0 723.89185 464.01453 
1 730.3162 456.9001 
2 720.05457 456.03778 
3 750.074 454.85797 
4 688.0 416.0 
5 783.3308 490.10922 
6 712.9758 493.62958 
7 807.937 547.98267 
8 705.02454 550.741 
9 795.773 600.2796 
10 708.9954 594.2347 
11 774.59753 598.9082 
12 729.0703 598.3592 
13 783.7268 667.4939 
14 727.346 675.11035 
15 816.6237 705.37317 
16 688.0 416.0 
0 720.44574 463.6699 
1 726.7192 456.2613 
2 716.82367 456.2459 
3 746.79395 455.44888 
4 683.0 416.0 
5 779.8993 488.84073 
6 707.7582 493.69373 
7 806.66766 546.50885 
8 698.6609 549.24286 
9 794.5803 598.4876 
10 701.4615 593.8024 
11 770.56024 599.7423 
12 724.27466 599.5436 
13 779.04156 671.6337 
14 726.37756 674.547 
15 812.0982 704.41187 
16 683.0 416.0 
0 717.35333 464.07214 
1 724.0564 456.60025 
2 713.2936 456.14557 
3 743.2008 455.53854 
4 680.0 416.0 
5 775.3507 489.0736 
6 704.2945 496.09366 
7 805.07916 546.0423 
8 692.7116 551.5948 
9 792.3424 597.8131 
10 697.2285 597.2876 
11 767.56665 603.1428 
12 722.2983 604.06213 
13 775.37683 673.22266 
14 725.1861 675.1192 
15 807.46436 705.40027 
16 680.0 416.0 
0 714.6016 464.92972 
1 721.64325 457.17514 
2 710.20685 456.7632 
3 741.357 455.6228 
4 676.0 417.0 
5 774.02814 489.80682 
6 701.8595 496.62347 
7 802.9391 545.39026 
8 687.5484 552.38477 
9 790.6694 596.4912 
10 690.6997 600.07385 
11 765.4818 601.6537 
12 719.3245 601.47705 
13 770.26544 673.4313 
14 725.153 680.21655 
15 800.19653 707.319 
16 676.0 417.0 
0 712.83484 465.46475 
1 719.5417 457.39215 
2 708.3897 457.70514 
3 738.1967 456.5179 
4 665.0 417.0 
5 770.0541 490.75275 
6 697.90063 499.47742 
7 801.926 545.838 
8 683.99475 554.4689 
9 789.6232 597.007 
10 685.51935 600.9172 
11 763.2478 605.7146 
12 716.502 606.83325 
13 764.5221 678.0497 
14 723.80273 681.02844 
15 792.62787 711.90344 
16 665.0 417.0 
0 710.66864 466.34225 
1 717.3192 458.70932 
2 705.68274 458.37338 
3 736.2052 457.25705 
4 661.0 417.0 
5 769.0237 490.47577 
6 694.35693 501.3035 
7 798.11584 546.1852 
8 679.9112 555.30975 
9 787.9807 597.56995 
10 681.9599 603.19055 
11 761.97327 608.7898 
12 715.4539 608.557 
13 759.91016 680.7971 
14 722.1892 680.7694 
15 661.0 417.0 
16 661.0 417.0 
0 709.093 467.86783 
1 715.9749 460.5471 
2 704.79517 460.10217 
3 734.75336 459.27618 
4 658.0 417.0 
5 766.62585 491.89648 
6 691.7453 502.31744 
7 796.00684 546.13257 
8 677.13275 556.86127 
9 787.46045 598.2662 
10 679.0445 605.3082 
11 759.69366 607.63544 
12 713.34424 607.8719 
13 756.04767 682.1964 
14 721.06793 681.5545 
15 658.0 417.0 
16 658.0 417.0 
0 708.0116 469.18787 
1 715.066 462.1295 
2 703.0274 461.82288 
3 732.8491 460.9182 
4 655.0 418.0 
5 765.9377 493.02658 
6 689.82745 502.7129 
7 794.17755 547.0052 
8 672.94434 557.82874 
9 785.5616 600.1613 
10 674.94806 605.0974 
11 757.8896 610.75714 
12 711.6483 613.4814 
13 752.2562 684.24554 
14 721.04834 687.0753 
15 655.0 418.0 
16 655.0 418.0 
0 706.73596 470.72147 
1 714.03265 463.426 
2 700.90985 463.0164 
3 731.9761 461.03986 
4 653.0 418.0 
5 762.7249 493.5289 
6 687.51086 503.45197 
7 793.46906 546.572 
8 671.23395 557.8706 
9 784.89014 600.4252 
10 672.86383 609.0842 
11 756.1521 611.37854 
12 711.0794 615.1702 
13 748.83875 688.45935 
14 720.2149 690.1423 
15 653.0 418.0 
16 653.0 418.0 
0 705.47345 473.04025 
1 712.7216 465.7112 
2 700.27655 465.28094 
3 730.9902 463.7641 
4 650.0 419.0 
5 762.1866 496.9904 
6 683.6571 506.20837 
7 790.52625 549.41266 
8 668.7921 562.31793 
9 784.01575 602.85657 
10 670.27075 610.9649 
11 756.3668 613.7219 
12 709.65497 620.6505 
13 740.8099 689.6846 
14 721.0272 694.7363 
15 650.0 419.0 
16 650.0 419.0 
0 704.4844 475.15097 
1 712.1955 467.73932 
2 699.16956 467.07556 
3 730.01013 465.83124 
4 648.0 420.0 
5 760.6773 499.34903 
6 681.2459 507.44733 
7 789.7268 550.62354 
8 665.92676 563.25287 
9 782.4885 604.3722 
10 668.51074 612.8496 
11 755.27167 614.01904 
12 708.5679 619.6643 
13 737.141 691.00635 
14 720.55994 693.14435 
15 648.0 420.0 
16 648.0 420.0 
0 704.25464 477.4252 
1 711.7018 469.27887 
2 698.53973 469.2127 
3 728.7711 468.22546 
4 646.0 421.0 
5 758.08673 500.3255 
6 680.21173 509.29065 
7 787.7533 552.1853 
8 665.14435 566.52124 
9 780.6015 606.55554 
10 666.4342 615.16223 
11 752.4076 615.6824 
12 706.56104 620.73425 
13 736.81757 694.2125 
14 718.87244 694.43945 
15 646.0 421.0 
16 646.0 421.0 
0 703.024 479.64243 
1 710.25385 472.25888 
2 697.7314 471.5269 
3 728.01776 470.6428 
4 644.0 431.0 
5 756.5341 503.6657 
6 676.8855 512.9757 
7 785.86084 555.80005 
8 661.4842 567.6696 
9 779.4757 611.249 
10 665.37726 617.44366 
11 751.2287 621.60034 
12 704.5176 624.44244 
13 731.8204 697.45264 
14 723.35223 692.79834 
15 644.0 431.0 
16 644.0 431.0 
0 703.07666 482.44086 
1 710.3999 475.4338 
2 697.4375 475.13754 
3 727.54553 475.115 
4 642.0 432.0 
5 754.30664 507.29327 
6 676.8668 514.70514 
7 784.7919 559.6385 
8 659.839 570.7401 
9 777.7017 615.61017 
10 663.61304 619.7472 
11 748.36584 626.553 
12 702.225 629.3991 
13 732.2701 699.9961 
14 718.4448 698.4973 
15 642.0 432.0 
16 642.0 432.0 
0 702.9612 486.2099 
1 710.79285 478.9839 
2 696.92993 478.71426 
3 727.39404 476.89542 
4 690.49 476.7507 
5 752.95514 511.14163 
6 674.56726 518.2221 
7 782.2513 565.2378 
8 657.8853 573.9818 
9 776.7866 619.3925 
10 663.3681 623.4756 
11 747.4174 628.79346 
12 698.4156 631.30035 
13 728.23975 700.256 
14 717.2465 696.7337 
15 641.0 434.0 
16 641.0 434.0 
0 702.5126 489.25754 
1 709.692 482.22958 
2 696.92303 481.56674 
3 726.23987 480.70935 
4 690.77 479.5606 
5 752.8573 517.1523 
6 673.6062 520.1251 
7 780.938 570.2196 
8 656.4405 576.55273 
9 774.9042 623.96436 
10 661.1592 625.84 
11 745.246 633.67816 
12 696.63763 636.7289 
13 726.29285 704.96936 
14 717.9668 702.577 
15 639.0 435.0 
16 639.0 435.0 
0 701.87274 491.13666 
1 709.25757 484.10837 
2 696.45026 483.13147 
3 726.2089 483.21487 
4 690.1468 481.40384 
5 752.09674 520.3297 
6 672.2566 522.2801 
7 778.84644 576.42554 
8 653.77924 579.11694 
9 773.2928 628.9597 
10 659.6733 628.3933 
11 745.0649 639.1119 
12 696.3237 641.55774 
13 726.7043 702.66626 
14 715.5487 701.35547 
15 638.0 437.0 
16 638.0 437.0 
0 701.801 493.16272 
1 709.7957 485.9863 
2 696.1197 485.13596 
3 726.1229 485.141 
4 690.1885 483.07523 
5 750.9728 522.44385 
6 671.1115 523.87256 
7 775.61017 580.0365 
8 652.8158 579.6923 
9 772.3871 628.56866 
10 657.3088 628.3921 
11 742.8246 634.6439 
12 696.85583 638.4869 
13 725.10944 703.0032 
14 711.98596 701.8368 
15 636.0 446.0 
16 636.0 446.0 
0 701.1604 494.61902 
1 709.56506 487.54373 
2 695.81384 485.98303 
3 726.8479 486.40027 
4 635.0 447.0 
5 749.793 523.69574 
6 670.8701 522.13525 
7 772.7427 580.21893 
8 650.8692 578.6659 
9 770.91016 629.524 
10 655.94147 628.0226 
11 737.8209 627.50464 
12 691.4203 630.16223 
13 635.0 447.0 
14 635.0 447.0 
15 635.0 447.0 
16 635.0 447.0 
0 700.7802 495.75394 
1 709.52924 488.9402 
2 695.82166 487.01453 
3 726.7458 488.9255 
4 689.18915 484.9476 
5 747.6465 525.7085 
6 668.0387 523.62177 
7 771.17456 582.1655 
8 649.93195 577.4615 
9 768.4238 631.94977 
10 652.87933 625.18066 
11 734.3717 631.82574 
12 688.21606 633.115 
13 716.5542 700.89075 
14 708.0565 702.1186 
15 633.0 447.0 
16 633.0 447.0 
0 699.815 496.25146 
1 708.64044 490.2535 
2 695.5717 488.04385 
3 725.83075 489.89496 
4 688.9292 485.21973 
5 747.2307 526.40155 
6 667.50775 522.84485 
7 768.76917 586.1935 
8 647.84656 576.72266 
9 766.4059 636.9019 
10 650.6053 624.9344 
11 732.7586 631.20465 
12 685.11536 635.48694 
13 715.26556 700.76794 
14 702.9175 700.878 
15 631.0 447.0 
16 631.0 447.0 
0 698.22644 497.29715 
1 707.3802 491.04214 
2 693.93146 488.44186 
3 725.2185 490.366 
4 687.96576 484.88397 
5 746.4767 529.963 
6 664.67175 525.5452 
7 767.54895 589.053 
8 646.1263 578.03705 
9 762.3051 639.82574 
10 648.7361 624.3273 
11 731.07935 637.2239 
12 684.48706 635.43066 
13 712.78314 700.51984 
14 694.1754 696.8258 
15 629.0 448.0 
16 629.0 448.0 
0 697.33215 499.01135 
1 706.26715 492.7163 
2 692.8732 489.60242 
3 723.85785 491.83643 
4 686.9441 484.89114 
5 742.68085 529.59924 
6 664.87555 524.49536 
7 764.51447 591.2949 
8 644.9938 577.3458 
9 758.3163 646.1309 
10 645.6105 623.29596 
11 727.9295 646.2251 
12 682.7795 645.4603 
13 712.8922 709.05786 
14 689.89886 710.99316 
15 627.0 448.0 
16 627.0 448.0 
0 694.9708 500.44128 
1 703.9809 494.70172 
2 690.9966 491.35886 
3 722.1539 494.70905 
4 626.0 449.0 
5 742.8145 533.85034 
6 662.49426 526.7073 
7 763.34705 592.7731 
8 643.0642 579.2655 
9 755.81494 648.49567 
10 642.67163 624.88806 
11 724.6857 649.9174 
12 680.94525 646.85187 
13 626.0 449.0 
14 626.0 449.0 
15 626.0 449.0 
16 626.0 449.0 
0 693.01355 502.41385 
1 702.0736 495.91782 
2 688.91125 493.13947 
3 721.99927 496.2277 
4 624.0 449.0 
5 742.3501 536.5216 
6 663.393 526.434 
7 761.48553 598.1173 
8 642.56793 577.0837 
9 752.3052 652.58923 
10 639.81934 624.44775 
11 721.1153 650.42993 
12 677.0041 643.9946 
13 710.16003 709.4074 
14 679.266 704.3225 
15 624.0 449.0 
16 624.0 449.0 
0 690.98895 503.53937 
1 700.23926 497.45917 
2 687.0269 494.10168 
3 720.1344 497.4959 
4 622.0 450.0 
5 740.2452 539.69305 
6 660.1031 528.97516 
7 757.802 601.8047 
8 642.0564 578.105 
9 748.6182 655.97504 
10 638.41974 623.02234 
11 715.9197 656.56824 
12 671.8702 650.93115 
13 622.0 450.0 
14 622.0 450.0 
15 622.0 450.0 
16 622.0 450.0 
0 688.5272 503.93146 
1 698.1277 497.68445 
2 684.9038 494.4585 
3 717.70557 498.46088 
4 620.0 451.0 
5 739.67694 540.11127 
6 659.29297 530.5927 
7 755.52985 603.51337 
8 641.0382 579.9577 
9 746.0696 659.78314 
10 636.777 625.14844 
11 716.2381 659.75885 
12 671.9295 653.1011 
13 620.0 451.0 
14 620.0 451.0 
15 620.0 451.0 
16 620.0 451.0 
0 687.0318 504.98846 
1 696.56555 498.8437 
2 683.2749 495.12708 
3 715.89136 500.0576 
4 618.0 451.0 
5 737.913 541.44653 
6 656.87506 532.74457 
7 753.16095 607.4541 
8 639.70953 580.97723 
9 742.9268 661.9415 
10 636.3905 626.77563 
11 713.0782 658.9083 
12 667.69556 652.5737 
13 618.0 451.0 
14 668.3291 713.91144 
15 618.0 451.0 
16 618.0 451.0 
0 684.77844 505.99426 
1 694.29083 499.33484 
2 680.78235 496.2623 
3 714.5944 499.88217 
4 616.0 451.0 
5 737.10016 543.35706 
6 655.6813 534.54645 
7 750.44684 610.05304 
8 639.10254 582.44885 
9 738.4445 665.01685 
10 635.51416 626.5412 
11 710.58777 663.01355 
12 664.87134 654.7434 
13 616.0 451.0 
14 616.0 451.0 
15 616.0 451.0 
16 616.0 451.0 
0 683.1035 506.9397 
1 692.23865 500.47244 
2 679.09717 497.49506 
3 711.94763 502.04196 
4 615.0 452.0 
5 733.62 544.1217 
6 655.556 534.11957 
7 748.4444 609.836 
8 638.4812 581.5382 
9 735.4841 666.9549 
10 634.8022 628.4606 
11 707.92505 668.9114 
12 663.0948 659.7994 
13 615.0 452.0 
14 615.0 452.0 
15 615.0 452.0 
16 615.0 452.0 
0 679.76556 508.58997 
1 689.4134 502.66495 
2 676.13184 499.25555 
3 709.4225 503.47806 
4 621.0 453.0 
5 729.45715 544.9873 
6 652.5917 539.8933 
7 745.8481 612.3588 
8 639.2417 588.1618 
9 730.14 669.8443 
10 635.66986 629.3262 
11 709.7145 667.92737 
12 663.3126 667.07574 
13 621.0 453.0 
14 621.0 453.0 
15 621.0 453.0 
16 621.0 453.0 
0 677.1738 510.67603 
1 686.58514 504.7183 
2 673.01984 501.48434 
3 706.02405 504.98123 
4 620.0 462.0 
5 728.3952 547.47235 
6 650.37213 540.6134 
7 743.14874 614.28357 
8 633.9804 593.5209 
9 726.71796 669.87366 
10 634.33527 635.82855 
11 704.368 671.7256 
12 658.5774 670.7942 
13 620.0 462.0 
14 620.0 462.0 
15 620.0 462.0 
16 620.0 462.0 
0 673.76154 512.76447 
1 682.6553 506.1518 
2 669.8598 503.71985 
3 702.9217 507.7195 
4 618.0 463.0 
5 725.7825 549.3245 
6 646.892 542.13446 
7 740.3168 616.6222 
8 631.7787 597.47003 
9 723.1453 671.5807 
10 633.4158 640.32184 
11 702.6028 681.1828 
12 655.84906 681.51587 
13 618.0 463.0 
14 618.0 463.0 
15 618.0 463.0 
16 618.0 463.0 
0 670.224 515.99585 
1 679.30994 509.29547 
2 665.8937 507.35028 
3 700.1023 509.57422 
4 616.0 464.0 
5 724.2551 551.46027 
6 643.80115 545.79865 
7 737.67896 617.24207 
8 631.0782 599.7093 
9 720.5456 671.2832 
10 632.6105 641.6702 
11 702.8632 678.34094 
12 655.3916 675.1436 
13 616.0 464.0 
14 616.0 464.0 
15 616.0 464.0 
16 616.0 464.0 
0 666.9375 519.38916 
1 675.68774 512.8713 
2 662.8464 510.4146 
3 696.9214 513.28735 
4 614.0 466.0 
5 721.53 556.2312 
6 640.0938 546.82556 
7 734.7567 621.0601 
8 627.11584 599.91907 
9 715.8598 679.0182 
10 631.3466 644.1155 
11 700.3378 676.6754 
12 651.69385 668.82196 
13 614.0 466.0 
14 614.0 466.0 
15 614.0 466.0 
16 614.0 466.0 
0 663.0126 523.3636 
1 672.3306 516.1837 
2 659.25574 513.79315 
3 692.5092 516.754 
4 611.0 468.0 
5 718.83954 559.2554 
6 639.133 552.69476 
7 734.61597 624.2106 
8 624.2349 609.03613 
9 713.90796 683.6066 
10 629.81647 653.2057 
11 700.0224 685.8557 
12 650.80914 681.95905 
13 611.0 468.0 
14 611.0 468.0 
15 611.0 468.0 
16 611.0 468.0 
0 658.4919 527.2593 
1 667.77704 519.8243 
2 654.26196 517.69104 
3 689.0078 519.55963 
4 608.0 470.0 
5 716.2363 560.85583 
6 636.518 555.86383 
7 731.2771 626.99 
8 620.9937 611.753 
9 711.7181 685.89374 
10 626.0962 653.8717 
11 700.1523 687.4325 
12 647.955 686.03094 
13 608.0 470.0 
14 608.0 470.0 
15 608.0 470.0 
16 608.0 470.0 
0 655.3996 530.6124 
1 664.00104 522.71185 
2 650.1806 521.3814 
3 683.07196 522.1116 
4 605.0 479.0 
5 711.7953 563.6414 
6 632.6112 560.95624 
7 728.3373 632.0149 
8 618.35144 623.5018 
9 710.1001 687.5506 
10 605.0 479.0 
11 699.0586 693.1503 
12 646.7138 692.2002 
13 605.0 479.0 
14 605.0 479.0 
15 605.0 479.0 
16 605.0 479.0 
0 650.4425 532.6924 
1 658.9193 525.34143 
2 645.1548 524.1365 
3 679.1287 523.9174 
4 594.0 481.0 
5 707.28723 564.64136 
6 626.6838 563.1939 
7 728.37604 632.19 
8 616.2622 622.943 
9 709.4044 691.72 
10 622.46497 664.994 
11 695.3773 696.7951 
12 641.9041 688.03033 
13 594.0 481.0 
14 594.0 481.0 
15 594.0 481.0 
16 594.0 481.0 
0 646.15955 534.79663 
1 654.70447 526.87067 
2 640.55646 526.34625 
3 674.50464 525.87054 
4 590.0 482.0 
5 703.8165 567.30524 
6 622.8692 566.6793 
7 725.8334 636.9695 
8 610.7536 626.36 
9 708.9382 696.72156 
10 618.91364 672.00946 
11 692.48987 705.4641 
12 639.3785 695.4932 
13 590.0 482.0 
14 590.0 482.0 
15 590.0 482.0 
16 590.0 482.0 
0 640.9361 537.0396 
1 649.3019 529.4744 
2 636.5354 527.8167 
3 669.156 526.5864 
4 587.0 482.0 
5 701.0618 569.7591 
6 618.3363 569.30585 
7 723.4001 638.667 
8 607.24866 630.24493 
9 709.1167 700.4845 
10 614.18646 676.8526 
11 687.933 704.0881 
12 634.2559 700.87726 
13 587.0 482.0 
14 587.0 482.0 
15 587.0 482.0 
16 587.0 482.0 
0 636.3011 538.4686 
1 644.9799 529.91876 
2 630.9406 529.2705 
3 664.91565 527.1027 
4 584.0 482.0 
5 698.59424 568.1293 
6 614.16437 572.113 
7 720.7376 636.8367 
8 602.733 632.9975 
9 709.9136 698.5116 
10 609.66565 678.8049 
11 684.9389 701.3113 
12 630.6219 697.5821 
13 584.0 482.0 
14 584.0 482.0 
15 584.0 482.0 
16 584.0 482.0 
0 632.1798 539.4978 
1 640.9681 530.94464 
2 626.12573 530.54236 
3 660.52563 527.45294 
4 581.0 483.0 
5 693.8014 567.639 
6 610.0325 572.6758 
7 718.39087 632.166 
8 597.6184 636.29767 
9 709.739 692.0725 
10 605.0145 682.0748 
11 682.6097 702.7069 
12 627.63837 700.1074 
13 581.0 483.0 
14 581.0 483.0 
15 581.0 483.0 
16 581.0 483.0 
0 628.42163 540.72736 
1 637.05835 531.84265 
2 622.03735 531.71106 
3 657.4557 526.86456 
4 578.0 483.0 
5 691.2874 567.05554 
6 606.9317 574.51776 
7 717.2089 630.9874 
8 594.67126 637.9673 
9 711.81085 692.24426 
10 600.4232 685.6985 
11 681.2959 707.1551 
12 624.05426 701.5897 
13 578.0 483.0 
14 578.0 483.0 
15 578.0 483.0 
16 578.0 483.0 
0 627.078 541.7584 
1 635.0239 532.78973 
2 620.254 533.0217 
3 654.53357 527.2192 
4 577.0 484.0 
5 689.4502 568.538 
6 603.54675 577.21826 
7 716.8987 630.4795 
8 589.28564 639.1113 
9 711.95233 692.9402 
10 597.39526 686.97205 
11 680.6526 703.3377 
12 622.95685 705.2977 
13 577.0 484.0 
14 577.0 484.0 
15 577.0 484.0 
16 577.0 484.0 
0 625.91144 543.7696 
1 633.04785 535.27875 
2 618.9596 535.81067 
3 651.83545 529.1378 
4 566.0 484.0 
5 687.5901 569.68774 
6 599.48737 579.44916 
7 716.6995 631.29443 
8 586.79486 641.2996 
9 711.0408 693.31683 
10 594.19 693.0419 
11 681.1716 706.8699 
12 622.07196 706.47974 
13 566.0 484.0 
14 566.0 484.0 
15 566.0 484.0 
16 566.0 484.0 
0 624.7737 545.7556 
1 632.4553 536.63165 
2 617.35834 537.2854 
3 650.3412 530.5156 
4 610.06274 535.08356 
5 685.0582 571.41656 
6 596.2579 581.2659 
7 716.01917 632.1494 
8 582.5188 643.58044 
9 711.1557 694.96173 
10 591.89233 696.81244 
11 680.67957 705.88727 
12 621.00653 706.48987 
13 564.0 485.0 
14 564.0 485.0 
15 564.0 485.0 
16 564.0 485.0 
0 624.0172 546.20764 
1 631.4991 537.7137 
2 616.6445 538.45886 
3 648.6569 532.48285 
4 608.2907 536.01 
5 681.37744 569.41614 
6 596.3043 582.38367 
7 714.9489 630.05005 
8 579.76086 647.6179 
9 710.89575 691.07733 
10 586.74475 697.67346 
11 679.33466 709.0055 
12 620.96844 708.01825 
13 562.0 493.0 
14 562.0 493.0 
15 562.0 493.0 
16 562.0 493.0 
0 623.78253 550.19037 
1 631.8075 540.51624 
2 615.5886 541.3093 
3 648.5547 534.15826 
4 606.883 536.6889 
5 682.2251 571.86237 
6 595.45215 583.10046 
7 714.96533 632.75525 
8 575.9922 649.81067 
9 709.27515 693.6751 
10 584.6128 705.8262 
11 678.63245 709.96967 
12 619.3191 711.8254 
13 560.0 494.0 
14 560.0 494.0 
15 560.0 494.0 
16 560.0 494.0 
0 624.011 551.2959 
1 631.6862 542.9248 
2 616.1631 543.7534 
3 647.0932 536.77356 
4 606.68304 540.40717 
5 680.8077 573.6562 
6 593.0141 583.28235 
7 714.34094 633.60815 
8 574.8345 650.9568 
9 709.9623 696.3871 
10 583.3784 704.39355 
11 680.37537 708.4841 
12 617.94727 711.7487 
13 558.0 495.0 
14 558.0 495.0 
15 558.0 495.0 
16 558.0 495.0 
0 624.85596 553.39355 
1 632.75055 544.42786 
2 616.70905 545.56995 
3 648.5286 537.3043 
4 607.3085 541.8732 
5 681.08 575.9724 
6 591.40625 585.2352 
7 712.65247 633.9088 
8 573.0228 653.4987 
9 709.07874 695.5151 
10 581.2647 708.9839 
11 679.402 708.1154 
12 617.2805 711.39264 
13 556.0 496.0 
14 556.0 496.0 
15 556.0 496.0 
16 556.0 496.0 
0 625.19916 557.2107 
1 633.26666 547.9421 
2 617.2574 548.1794 
3 648.63635 539.8518 
4 607.6867 543.058 
5 681.58093 580.2207 
6 591.0989 588.4286 
7 712.4561 636.9982 
8 573.59485 663.75446 
9 706.3576 698.21765 
10 578.95386 713.5979 
11 678.388 708.2125 
12 616.00696 711.30566 
13 554.0 497.0 
14 554.0 497.0 
15 554.0 497.0 
16 554.0 497.0 
0 626.56714 560.2171 
1 634.05994 551.4648 
2 618.41565 552.0438 
3 647.8968 544.73285 
4 608.1897 548.1527 
5 679.8236 582.2004 
6 589.02454 591.55505 
7 711.4502 638.7184 
8 571.9999 669.9081 
9 703.69147 699.156 
10 553.0 499.0 
11 676.37195 709.85736 
12 612.0016 711.53815 
13 553.0 499.0 
14 553.0 499.0 
15 553.0 499.0 
16 553.0 499.0 
0 626.71265 564.1582 
1 635.033 554.5177 
2 618.1716 555.5558 
3 649.5685 545.23254 
4 607.60254 550.92694 
5 681.1233 587.7782 
6 588.7309 594.9643 
7 709.15344 644.8166 
8 570.59375 671.4126 
9 702.0728 703.0788 
10 552.0 500.0 
11 675.60583 711.1697 
12 610.86035 712.0507 
13 552.0 500.0 
14 552.0 500.0 
15 552.0 500.0 
16 552.0 500.0 
0 630.2433 572.9831 
1 638.3757 563.15607 
2 621.5243 563.6764 
3 651.79834 555.6587 
4 609.2933 557.6751 
5 681.2705 595.64526 
6 586.90204 601.6799 
7 711.0966 662.3253 
8 569.26447 677.9773 
9 550.0 512.0 
10 550.0 512.0 
11 550.0 512.0 
12 550.0 512.0 
13 550.0 512.0 
14 550.0 512.0 
15 550.0 512.0 
16 550.0 512.0 
