walk
643.0 418.0 
643.0 418.0 
643.0 418.0 
699.2732 460.23257 
739.11633 461.21075 
677.768 506.31015 
756.2316 508.70993 
659.498 565.9337 
775.3624 574.3169 
681.99207 586.83765 
783.56104 624.61914 
691.5932 619.40314 
744.0052 615.79694 
698.12134 698.0403 
757.22723 684.1681 
643.0 418.0 
643.0 418.0 
647.0 418.0 
647.0 418.0 
647.0 418.0 
703.25287 461.6366 
742.6094 461.66815 
681.3276 507.42932 
762.2995 509.82623 
663.93506 565.57947 
778.7188 573.0372 
686.1473 588.4957 
785.5446 625.01996 
695.65784 619.4619 
747.3616 619.7078 
699.43976 698.4741 
757.6206 684.07556 
647.0 418.0 
647.0 418.0 
658.0 418.0 
658.0 418.0 
658.0 418.0 
707.9568 460.82422 
749.24506 459.36246 
684.5424 507.2481 
765.5258 509.55408 
667.11975 561.5957 
783.2429 575.17487 
686.381 588.94586 
786.49084 624.23004 
698.9403 608.92926 
749.91675 614.2783 
703.5069 692.2467 
761.137 682.53815 
658.0 418.0 
658.0 418.0 
662.0 418.0 
662.0 418.0 
662.0 418.0 
714.5524 460.69626 
753.52924 459.92044 
690.97644 504.3355 
770.09485 507.64474 
670.443 557.93506 
785.86365 572.3358 
686.8316 586.974 
789.0034 621.7933 
704.2187 612.9887 
754.3881 611.83154 
706.7759 690.18427 
763.0111 680.17004 
662.0 418.0 
662.0 418.0 
665.0 417.0 
665.0 417.0 
665.0 417.0 
720.5524 455.5752 
759.85834 455.5659 
695.38403 501.71707 
773.9078 505.10492 
675.0479 556.18854 
790.41486 570.78467 
690.0797 590.3393 
791.7203 620.1051 
707.35223 608.6262 
756.99396 610.5882 
712.2926 685.3928 
766.28253 673.9375 
665.0 417.0 
665.0 417.0 
669.0 415.0 
669.0 415.0 
669.0 415.0 
726.5572 448.92438 
762.9302 450.54083 
699.59125 498.38306 
776.80646 502.626 
679.7898 552.32153 
793.47076 568.19653 
692.8772 591.05414 
794.6698 616.5408 
711.04553 601.88965 
761.6609 606.64087 
718.3725 675.69055 
767.9242 666.82513 
669.0 415.0 
669.0 415.0 
672.0 406.0 
672.0 406.0 
672.0 406.0 
729.3256 446.00412 
768.84357 449.9002 
702.394 493.61523 
779.8873 499.07855 
682.7703 546.69214 
796.96204 563.4176 
694.32367 582.6899 
797.24854 610.20264 
714.9288 602.109 
762.6398 606.1537 
723.93787 674.39484 
768.3309 663.82544 
672.0 406.0 
672.0 406.0 
676.0 404.0 
676.0 404.0 
676.0 404.0 
734.01086 443.80844 
770.3691 449.1264 
705.7826 488.6461 
782.9042 495.6529 
685.11096 544.13306 
800.6286 559.1617 
696.8422 579.0539 
800.7134 607.40076 
718.14215 598.094 
766.8409 600.495 
728.1778 667.1249 
770.9632 662.09515 
676.0 404.0 
765.22766 715.8141 
678.0 401.0 
678.0 401.0 
678.0 401.0 
737.20245 441.1511 
772.74695 448.10532 
708.1003 484.50397 
786.2543 491.39136 
686.1999 539.8995 
804.0237 550.99054 
699.57104 579.8777 
804.6529 598.8115 
720.4335 594.5247 
770.44714 596.7877 
733.2509 662.4651 
772.21277 661.04114 
678.0 401.0 
678.0 401.0 
681.0 399.0 
681.0 399.0 
681.0 399.0 
738.84155 436.50366 
776.2665 440.95944 
711.7558 481.52072 
790.52966 487.64685 
688.4792 534.2966 
807.15186 548.1214 
698.0698 571.2698 
808.9356 594.4944 
722.6761 590.725 
773.1079 590.8066 
735.06647 656.20575 
773.73914 655.9281 
719.7038 711.629 
768.02606 711.17236 
676.0 397.0 
676.0 397.0 
676.0 397.0 
741.65356 431.48538 
780.03046 436.90463 
713.32355 478.09924 
794.0703 485.2802 
692.6453 530.83356 
812.04364 542.81714 
698.3566 564.744 
813.08844 588.5631 
725.647 581.34247 
777.0848 584.1466 
738.0102 648.8609 
775.5286 652.93787 
721.9564 711.77435 
765.77966 716.35706 
679.0 388.0 
679.0 388.0 
679.0 388.0 
746.734 427.54034 
782.64374 431.3718 
716.83386 476.33188 
797.36053 481.5578 
694.90137 526.16736 
816.1107 539.17145 
699.2746 564.8174 
816.8001 582.053 
728.09033 578.37866 
778.6257 581.661 
740.68604 643.2308 
776.984 650.3122 
728.04724 705.16986 
767.2621 710.6255 
682.0 388.0 
682.0 388.0 
682.0 388.0 
747.63556 425.19492 
784.7927 429.39874 
719.64233 471.4447 
799.8306 477.19766 
697.4307 525.17694 
821.12146 534.65985 
705.4167 562.5977 
819.6327 574.7284 
729.13776 574.04504 
781.4722 576.8795 
743.01544 640.17456 
776.6585 650.01447 
733.96094 707.4756 
767.9167 711.223 
685.0 386.0 
685.0 386.0 
685.0 386.0 
749.4603 423.7647 
786.6178 426.4128 
722.6057 469.13477 
801.95166 474.33667 
699.9627 524.5252 
825.1797 531.01715 
710.52295 560.99243 
823.2227 571.7689 
733.1466 571.2621 
784.84607 574.13416 
746.4016 637.0817 
778.0786 648.8846 
738.2571 705.24 
768.23663 710.8414 
688.0 385.0 
688.0 385.0 
688.0 385.0 
753.1821 421.1337 
788.9382 423.59607 
726.1475 468.33014 
805.4891 474.21332 
702.3936 524.92786 
826.01587 528.80646 
713.2716 558.5941 
826.2176 568.26807 
736.7594 571.4899 
788.66046 575.4437 
751.15265 631.2466 
779.6825 649.88635 
745.7639 698.7815 
769.15076 708.6113 
690.0 383.0 
690.0 383.0 
690.0 383.0 
753.5696 421.4474 
791.4446 425.15143 
728.3049 467.099 
807.23804 471.5207 
706.096 519.5794 
826.53516 524.0593 
711.66754 554.001 
828.6768 564.9467 
740.84845 566.45703 
789.87964 570.9137 
754.67596 625.0975 
778.6583 642.19495 
752.63574 689.5746 
769.15466 702.91455 
693.0 384.0 
693.0 384.0 
693.0 384.0 
755.7749 419.80026 
792.97894 422.86282 
730.8913 465.60663 
811.4972 469.5529 
709.4577 519.9935 
832.219 524.22894 
716.4595 555.6654 
830.88245 560.4838 
741.89716 566.77637 
790.2066 569.5166 
757.1456 625.4911 
777.877 636.3307 
760.1585 686.9723 
766.7164 698.34863 
695.0 383.0 
695.0 383.0 
695.0 383.0 
695.0 383.0 
695.0 383.0 
736.8041 464.22955 
812.4414 469.6192 
711.2611 518.7535 
832.7858 521.6974 
719.0121 555.0884 
833.0525 558.90063 
747.54175 566.8896 
793.7323 568.6472 
763.4367 644.24146 
779.883 648.11475 
768.2333 706.2084 
769.60474 700.53174 
698.0 383.0 
698.0 383.0 
698.0 383.0 
758.7152 418.7257 
795.38477 418.6591 
735.91815 464.51926 
814.505 467.24677 
715.677 518.4824 
835.5504 519.37463 
725.0403 560.95825 
835.4865 557.05786 
750.1507 566.44354 
797.2666 567.84015 
765.135 634.84814 
782.9169 643.00183 
698.0 383.0 
769.84766 697.5658 
700.0 382.0 
700.0 382.0 
700.0 382.0 
760.57025 415.4215 
796.5169 416.002 
738.5199 464.16953 
815.09814 465.60272 
717.5548 519.73987 
836.87256 518.3616 
728.3856 559.51764 
837.18384 556.11865 
751.11523 566.33673 
799.4295 567.1051 
772.9114 638.67236 
784.014 642.13135 
772.60333 705.9375 
700.0 382.0 
711.0 382.0 
711.0 382.0 
711.0 382.0 
762.3667 416.53583 
797.57056 415.66376 
740.22656 463.3743 
817.3891 463.421 
720.71844 517.8172 
841.02313 520.1123 
728.72516 560.66473 
837.95154 555.2766 
753.973 564.0962 
800.0254 563.1747 
774.8025 626.76526 
788.8012 629.8854 
711.0 382.0 
784.7219 672.7899 
713.0 382.0 
713.0 382.0 
713.0 382.0 
764.0925 416.04065 
798.675 415.80582 
742.701 462.48355 
819.3362 462.29718 
725.4634 515.28357 
842.7806 518.2367 
731.1273 560.5176 
838.754 553.6571 
758.0731 562.1262 
804.0194 560.99115 
779.48096 637.1724 
787.08307 641.8369 
713.0 382.0 
773.5207 704.3655 
716.0 381.0 
716.0 381.0 
716.0 381.0 
763.2125 416.7621 
799.2908 416.75803 
744.59735 460.95087 
820.39 459.67892 
726.88855 512.2024 
843.4251 513.41656 
734.0785 559.9341 
840.2508 552.82043 
760.9394 557.6742 
806.26 557.06683 
780.31177 617.9794 
793.2986 621.6459 
716.0 381.0 
716.0 381.0 
718.0 379.0 
718.0 379.0 
718.0 379.0 
765.0835 414.35614 
800.0542 415.12726 
746.9247 458.92505 
823.53253 456.65845 
730.4417 512.32477 
845.647 511.61682 
737.00806 557.2313 
841.8513 551.6277 
764.0837 553.368 
807.91345 554.38965 
782.8001 610.56964 
796.3728 612.9735 
795.49164 661.43115 
787.12805 665.26685 
721.0 375.0 
721.0 375.0 
721.0 375.0 
766.00226 413.32623 
801.50684 411.37015 
749.20776 456.7829 
824.9058 453.2224 
733.69824 509.95956 
846.6074 507.0282 
739.8325 551.85254 
844.906 549.9088 
766.46295 552.70624 
810.3571 552.1368 
785.28375 611.8361 
801.14136 615.15454 
797.17175 670.35284 
790.10864 670.3711 
723.0 368.0 
723.0 368.0 
723.0 368.0 
767.80286 409.22495 
802.95294 406.2672 
751.6534 453.22675 
824.3895 448.3204 
736.17194 506.36316 
847.67554 504.4858 
743.0571 550.006 
846.1022 547.8703 
769.9492 547.20776 
813.2009 549.9443 
788.0081 606.44086 
804.6778 613.2311 
795.3176 657.59375 
790.5966 671.3396 
725.0 367.0 
725.0 367.0 
725.0 367.0 
769.873 407.1551 
808.81024 407.17212 
754.4663 449.71603 
827.58936 446.64902 
739.8894 500.79352 
849.7672 500.28705 
744.75055 542.4653 
849.86304 545.3835 
771.8693 542.546 
813.999 544.9269 
788.0663 606.4649 
808.37177 612.43823 
796.17426 663.98413 
795.50116 671.3799 
728.0 364.0 
728.0 364.0 
728.0 364.0 
771.238 403.43045 
808.0714 402.14478 
755.5085 446.59467 
828.8042 444.30078 
741.42303 496.5956 
851.7744 499.12845 
748.9914 541.10333 
853.06824 541.2269 
775.02094 543.0149 
816.2606 546.01196 
790.7915 604.19055 
810.94055 611.222 
796.79803 664.84204 
793.98175 674.2591 
730.0 360.0 
730.0 360.0 
730.0 360.0 
774.1063 400.94727 
811.1694 400.01822 
757.031 444.07104 
830.8847 440.27496 
742.8383 495.88275 
852.33167 496.91425 
753.3147 538.8644 
856.21655 540.39233 
776.0606 540.3591 
818.20465 542.2374 
790.07666 601.6019 
818.1853 607.1623 
792.0085 663.7127 
798.50494 670.0991 
733.0 356.0 
733.0 356.0 
733.0 356.0 
776.0124 398.39215 
813.128 396.9411 
761.4918 442.04254 
830.1775 437.99088 
745.60956 494.08432 
853.04224 492.94785 
756.8476 533.9311 
860.257 537.074 
779.6378 539.0135 
821.28534 538.40344 
790.7867 600.2309 
822.04913 604.20715 
794.52167 670.14124 
804.3864 669.76904 
735.0 353.0 
735.0 353.0 
735.0 353.0 
778.2587 394.22046 
814.0336 392.2148 
762.0696 438.76462 
833.495 436.0022 
745.91595 489.6839 
854.7049 492.91922 
759.53174 527.83795 
863.7677 535.0401 
780.33295 536.9143 
824.8876 535.7177 
791.6641 603.0387 
827.10364 601.5946 
794.392 668.8075 
810.66797 658.98517 
737.0 358.0 
737.0 358.0 
737.0 358.0 
780.3432 394.4597 
817.4819 390.3542 
762.96704 436.8223 
836.41254 433.21307 
748.43774 489.35663 
854.97 488.54633 
764.0586 525.11456 
865.6725 531.77136 
782.0231 533.56085 
827.161 529.0819 
791.7217 602.40674 
831.61 593.0847 
793.77765 673.4027 
818.12195 659.7055 
740.0 357.0 
740.0 357.0 
740.0 357.0 
783.06366 392.89874 
821.1406 392.46005 
766.0411 434.77866 
839.2886 433.66803 
752.1696 485.1526 
858.01416 490.71124 
765.72815 521.02264 
868.24634 530.6747 
785.074 531.7047 
831.38025 528.17523 
792.58765 599.37964 
837.1165 589.96277 
795.17444 668.77405 
825.16174 657.1787 
743.0 348.0 
743.0 348.0 
743.0 348.0 
787.8948 387.87964 
823.2171 387.16663 
769.4346 430.9851 
839.5854 430.37427 
754.4981 484.27167 
859.08374 487.24173 
743.0 348.0 
870.82587 528.8928 
785.9072 527.25946 
833.0447 527.0417 
792.8911 597.32916 
841.166 582.8925 
796.55164 670.2224 
832.8827 652.64 
745.0 348.0 
745.0 348.0 
745.0 348.0 
790.6347 387.99872 
825.2975 387.02127 
769.8396 430.56323 
842.2252 429.9879 
759.2237 484.53668 
861.4721 486.6302 
745.0 348.0 
872.09235 528.29614 
788.4906 526.38214 
834.83167 525.0748 
793.31976 596.0298 
845.2256 578.67267 
796.6408 670.89166 
841.73486 650.5862 
748.0 347.0 
748.0 347.0 
748.0 347.0 
792.67053 388.56967 
829.16077 387.2894 
771.92096 428.29492 
845.36285 429.70386 
761.15515 482.51288 
863.4853 485.76312 
748.0 347.0 
873.9463 527.9461 
790.2872 526.87573 
836.5135 524.7278 
793.9559 592.22565 
847.9352 577.77234 
796.4433 667.27454 
849.2501 649.0337 
749.0 347.0 
749.0 347.0 
749.0 347.0 
798.3887 383.20984 
832.83386 383.9553 
774.8762 426.91708 
848.75385 428.19492 
764.51794 482.2721 
865.8029 486.05127 
749.0 347.0 
874.82153 529.43884 
792.6783 523.50323 
838.8032 521.9122 
795.1582 593.01715 
850.60046 576.2881 
796.41345 668.61566 
856.1597 640.2195 
751.0 347.0 
751.0 347.0 
751.0 347.0 
800.67505 386.9078 
836.0838 386.7545 
780.1736 427.7476 
853.641 428.84833 
766.7813 480.1922 
868.74054 485.7995 
751.0 347.0 
875.16205 528.82855 
794.7857 521.6555 
841.063 523.2737 
795.7106 594.72406 
852.525 576.04504 
797.08 668.07605 
861.8829 631.4917 
762.0 347.0 
762.0 347.0 
762.0 347.0 
804.2539 388.45374 
841.24 389.2874 
786.4529 427.09964 
853.64056 428.70703 
768.86676 476.85168 
871.7244 485.93396 
787.50183 503.2981 
876.8369 529.1014 
799.8666 522.64545 
842.7784 523.1615 
798.1198 597.28705 
852.8919 576.38043 
796.0336 665.626 
865.23645 628.7929 
764.0 354.0 
764.0 354.0 
764.0 354.0 
807.7657 387.83377 
844.0093 388.57288 
789.15106 427.08746 
858.2243 428.7282 
773.2782 476.2403 
874.5866 485.14954 
789.26355 504.11865 
877.8287 529.97345 
800.5662 523.9777 
846.5718 523.23315 
800.6718 591.2795 
855.82074 574.3439 
796.53705 663.75476 
866.422 628.65845 
767.0 353.0 
767.0 353.0 
767.0 353.0 
815.1307 386.30035 
849.0572 386.1288 
794.09106 425.60504 
861.6202 428.21057 
776.57587 475.3324 
877.84406 484.1344 
794.93036 504.9662 
878.869 528.2708 
805.007 521.5964 
849.8476 521.01404 
803.6618 590.8817 
858.9654 574.96436 
797.34973 662.938 
865.42456 628.16406 
770.0 351.0 
770.0 351.0 
770.0 351.0 
817.6649 384.87915 
852.20404 384.33133 
796.8748 425.8236 
864.9673 427.8401 
780.6009 473.12128 
881.0359 484.23413 
797.8141 503.84537 
881.0865 527.87714 
808.27826 517.19836 
853.96277 517.43005 
809.6369 587.25024 
861.9648 571.0051 
798.7063 661.90015 
866.4084 626.6234 
774.0 349.0 
774.0 349.0 
774.0 349.0 
823.51575 380.57968 
857.12994 382.3722 
801.366 422.10284 
868.95044 424.58795 
784.6186 469.3111 
883.9447 480.0935 
797.3337 505.30756 
883.1891 525.2733 
812.7468 514.7636 
857.1213 516.2825 
814.17566 582.3537 
864.7018 573.6935 
798.255 656.35016 
865.12695 626.8428 
777.0 345.0 
777.0 345.0 
777.0 345.0 
826.84546 377.90833 
860.86914 378.78192 
804.93915 417.89798 
872.2388 421.33078 
787.49 465.6894 
886.15015 478.8553 
797.4345 500.35217 
885.0949 522.1419 
814.80396 513.5626 
859.8423 514.93195 
818.4946 579.1995 
865.55725 570.41943 
800.26843 648.49524 
865.0201 626.43176 
780.0 342.0 
780.0 342.0 
780.0 342.0 
832.2307 372.16483 
864.84467 374.12225 
808.0754 413.7235 
875.43115 418.03098 
790.8036 461.58545 
889.8038 474.16425 
798.85614 497.32852 
886.82605 516.78687 
818.72327 508.66022 
862.0668 511.03134 
824.022 574.1079 
866.74066 565.5095 
802.1652 643.6996 
865.66266 624.39233 
782.0 339.0 
782.0 339.0 
782.0 339.0 
834.75616 369.32083 
866.9144 373.3874 
809.8323 408.974 
880.209 413.48074 
792.012 457.0537 
892.2295 469.32632 
800.5191 493.4339 
891.3522 512.52545 
820.1076 504.5282 
865.93085 507.2634 
827.56573 572.14996 
868.29895 567.38965 
807.0216 637.01636 
865.0669 626.0266 
785.0 333.0 
785.0 333.0 
785.0 333.0 
835.915 367.94498 
868.966 371.06107 
811.407 407.07715 
882.5563 412.2888 
792.80273 455.296 
895.69696 467.68643 
803.78534 489.17896 
895.1812 509.3465 
821.93756 502.26697 
868.11255 502.57202 
830.1588 566.69257 
869.6656 563.68933 
810.11035 631.0845 
866.00024 624.1509 
787.0 326.0 
787.0 326.0 
787.0 326.0 
839.4004 364.9053 
872.0513 367.95303 
814.07074 403.7419 
883.5485 406.80414 
794.959 451.25443 
900.0092 462.88562 
804.07275 485.8354 
898.882 504.70587 
824.1364 498.2345 
870.07074 498.63947 
832.4792 560.68024 
870.68085 563.33704 
816.31024 624.54395 
865.70715 625.28644 
781.0 331.0 
781.0 331.0 
781.0 331.0 
840.6226 361.0363 
873.42944 366.3668 
816.7966 401.1364 
886.399 406.6324 
797.89624 451.27667 
903.6633 458.8378 
805.9102 485.65182 
902.34375 500.47015 
827.87067 497.36255 
872.5485 499.7987 
833.61523 556.64355 
870.83514 560.3974 
821.14294 621.9385 
865.90643 624.34454 
784.0 329.0 
784.0 329.0 
784.0 329.0 
842.4797 359.75372 
875.73346 363.89957 
819.07196 399.92413 
889.2251 404.6111 
798.3732 448.1854 
906.82446 455.92773 
807.7268 481.92917 
906.3165 497.383 
828.6515 493.63245 
873.6349 497.34622 
834.7943 553.2121 
872.2374 562.3393 
826.4528 615.32025 
866.39014 624.32227 
786.0 328.0 
786.0 328.0 
786.0 328.0 
843.97876 359.16513 
876.89746 362.498 
820.96313 397.94885 
891.8091 402.04083 
800.5662 444.73178 
909.1581 453.88214 
807.93054 475.95636 
909.8922 494.10754 
830.8628 490.02206 
876.2118 493.1015 
836.50806 552.41455 
872.44836 559.0579 
830.4277 617.4433 
866.4503 624.5287 
788.0 328.0 
788.0 328.0 
788.0 328.0 
846.8319 356.05737 
878.1056 358.9703 
822.8834 397.04608 
893.5267 402.09518 
802.92975 443.97412 
912.032 452.8403 
809.6459 474.07816 
912.4878 489.96704 
832.27496 488.88812 
877.2973 491.44922 
839.4048 547.2984 
873.30334 556.879 
834.88354 614.2415 
866.4636 622.5763 
789.0 327.0 
789.0 327.0 
789.0 327.0 
847.281 355.30893 
878.58154 358.23123 
824.6372 396.35028 
895.634 400.0567 
804.2338 443.7497 
913.85675 451.19183 
813.2826 477.07526 
915.0206 487.22742 
833.88074 488.27368 
878.99225 493.22534 
842.24066 544.325 
874.2361 556.1746 
840.0398 612.14124 
867.01526 622.3992 
791.0 318.0 
791.0 318.0 
791.0 318.0 
847.9757 354.8703 
880.52185 356.23895 
826.2872 395.73468 
896.3685 399.32855 
805.7628 441.25183 
915.22656 450.35806 
813.3575 472.92035 
916.5817 485.43594 
836.2246 486.22748 
879.77686 489.5794 
844.65485 543.2329 
874.76904 552.6209 
843.28436 609.76373 
866.1361 622.0388 
792.0 325.0 
792.0 325.0 
792.0 325.0 
848.74347 354.7299 
880.88855 355.81067 
827.2593 394.85684 
897.14655 397.79932 
807.8256 441.4964 
916.7639 448.22388 
812.5461 473.8349 
916.81604 483.3685 
837.3464 483.55334 
880.8818 488.88483 
847.5319 539.62256 
875.0374 549.4232 
848.34534 602.0393 
867.259 618.8823 
794.0 317.0 
794.0 317.0 
794.0 317.0 
849.5876 353.6582 
880.92883 354.99722 
828.17865 394.81833 
898.6092 397.3422 
809.6478 443.7897 
918.8473 448.76837 
815.9283 477.64832 
916.7276 482.61047 
838.75146 486.81656 
882.368 487.679 
849.77234 543.4553 
875.3344 553.1304 
851.5231 600.45264 
867.2123 618.49896 
795.0 317.0 
795.0 317.0 
795.0 317.0 
851.0569 353.95615 
882.16205 354.48907 
829.77106 394.12598 
898.6864 395.93256 
810.91846 442.93756 
919.31036 446.80893 
819.35345 481.27313 
916.9302 480.8779 
842.51715 490.01663 
885.21606 490.55774 
851.6017 547.96075 
874.8075 555.00714 
858.395 599.87573 
865.9287 617.2389 
795.0 317.0 
795.0 317.0 
795.0 317.0 
850.9634 354.9146 
882.2272 353.24805 
830.94415 395.1892 
899.60376 396.10236 
812.6338 442.9535 
919.8107 446.54007 
821.6582 481.25784 
916.24146 480.6221 
842.5607 489.1021 
885.63666 487.9472 
852.3098 546.60266 
877.188 553.69525 
795.0 317.0 
866.2576 618.4968 
797.0 317.0 
797.0 317.0 
797.0 317.0 
850.5334 353.84048 
881.78784 353.59464 
831.51227 394.8208 
900.2606 396.62558 
813.4444 444.15247 
920.94385 447.4459 
822.1241 482.03253 
916.5244 480.29987 
844.4963 490.40753 
886.1368 490.14392 
858.5805 549.4973 
875.78784 553.8291 
797.0 317.0 
867.1407 613.82764 
806.0 317.0 
806.0 317.0 
806.0 317.0 
850.5387 354.78027 
882.18054 353.66132 
831.30145 395.18152 
900.0236 394.60236 
814.9203 442.60828 
920.5845 446.47815 
823.17914 482.37518 
915.22833 478.6488 
846.13055 489.77725 
886.7176 491.03296 
859.6872 551.1452 
875.8898 555.1589 
869.2352 615.31146 
866.16144 611.9267 
806.0 315.0 
806.0 315.0 
806.0 315.0 
850.2347 352.76373 
881.19196 351.39584 
831.6269 393.66248 
899.79913 392.35596 
815.8676 441.13293 
919.37463 440.57593 
825.0649 481.80542 
916.4598 475.12964 
847.64307 485.6402 
887.9955 486.2927 
860.7776 543.98083 
876.2962 549.3752 
806.0 315.0 
868.6452 611.15594 
807.0 313.0 
807.0 313.0 
807.0 313.0 
849.3298 351.17776 
881.9267 350.94235 
832.72565 391.61026 
899.6106 389.8612 
817.3195 439.32425 
919.4504 438.1538 
824.79004 480.13107 
917.8054 473.66827 
848.30115 482.5932 
887.5647 482.54333 
861.6365 536.1875 
879.1944 544.1267 
807.0 313.0 
869.84827 608.80853 
808.0 311.0 
808.0 311.0 
808.0 311.0 
849.71155 348.9116 
881.45856 348.49448 
834.13574 387.51694 
897.68146 385.19797 
820.2449 435.32678 
919.41907 434.63553 
825.51526 474.79007 
916.77563 473.82678 
849.79877 480.9898 
887.46466 480.79565 
865.6937 533.4868 
878.8235 538.8795 
866.3456 589.09705 
871.57477 605.28015 
808.0 316.0 
808.0 316.0 
808.0 316.0 
849.5105 344.9768 
881.44354 343.2575 
834.2629 386.0315 
900.42413 383.85315 
820.72943 434.41486 
920.05896 434.23557 
827.0297 473.6167 
918.10126 472.04614 
850.42267 478.141 
887.96625 479.20874 
862.28656 531.0388 
881.10596 538.12134 
867.53674 591.0383 
873.0848 604.64935 
809.0 313.0 
809.0 313.0 
809.0 313.0 
849.6597 343.06674 
881.45044 341.74997 
835.10394 382.94473 
901.2514 380.97668 
820.37915 431.399 
920.731 433.51184 
829.60297 471.02063 
919.5524 472.52844 
848.9846 476.26544 
886.7399 480.41248 
864.0375 530.1815 
885.82556 537.1996 
867.7484 589.7313 
873.21387 597.85596 
809.0 312.0 
809.0 312.0 
809.0 312.0 
849.59814 340.6076 
881.17456 338.312 
835.1553 381.9135 
900.7013 379.1286 
821.3676 429.49475 
920.73663 428.3792 
829.53955 467.3315 
919.8317 468.28094 
851.2667 471.95514 
890.19183 471.48694 
863.1814 527.23596 
890.29785 531.0088 
866.4784 586.24695 
875.558 596.7422 
811.0 309.0 
811.0 309.0 
811.0 309.0 
849.7028 339.07782 
881.2323 337.73416 
835.6809 380.92566 
899.98334 376.87292 
822.6846 427.02945 
920.141 425.65372 
831.6139 468.00635 
922.7747 468.20142 
851.42163 472.4021 
890.53735 470.4298 
863.4396 525.4473 
892.47205 529.0718 
869.06213 592.9282 
878.6318 593.4617 
812.0 306.0 
812.0 306.0 
812.0 306.0 
850.6464 339.10712 
881.7457 337.38165 
835.9186 379.66492 
899.47156 376.02515 
822.7155 426.24738 
920.09375 427.83234 
833.5282 464.9258 
924.9386 467.68192 
854.27106 470.26056 
892.1263 469.07373 
864.049 525.5453 
893.64923 528.49286 
867.4545 583.265 
881.2708 586.63965 
813.0 303.0 
813.0 303.0 
813.0 303.0 
850.9691 337.4294 
882.4281 335.2282 
837.4042 379.15106 
900.5758 375.50665 
822.90173 426.15924 
921.1669 426.00708 
835.0268 462.1537 
926.2775 464.76642 
854.12787 468.11792 
893.8743 466.21472 
863.3096 526.52246 
895.6918 525.1331 
867.2572 584.20557 
884.15906 581.6516 
814.0 300.0 
814.0 300.0 
814.0 300.0 
851.99243 338.42084 
882.84454 335.2309 
837.5775 377.26645 
902.7568 373.997 
825.65247 425.97592 
920.578 424.87396 
838.8889 461.02017 
928.183 463.55057 
855.7497 466.8863 
895.2917 463.76318 
863.1421 525.72034 
898.2644 520.38696 
866.68134 589.2284 
886.3867 580.19446 
815.0 305.0 
815.0 305.0 
815.0 305.0 
852.08484 335.80038 
884.05786 334.85443 
838.74054 375.39594 
902.30396 371.66776 
827.48413 422.83447 
920.605 426.32816 
841.92676 459.47748 
929.7013 463.28418 
856.37256 466.27603 
896.08606 463.34143 
863.9736 525.07007 
900.10657 516.52466 
868.9969 591.38257 
889.08685 578.2688 
817.0 304.0 
817.0 304.0 
817.0 304.0 
853.88074 333.94415 
885.71375 333.00827 
839.937 373.1622 
901.931 370.32394 
829.0355 419.30444 
921.61365 422.8817 
840.7744 451.40973 
929.75995 461.61853 
857.07947 462.62195 
897.0375 460.8102 
864.25757 524.04285 
901.4059 514.82294 
869.1748 589.84326 
893.0283 575.3366 
817.0 303.0 
817.0 303.0 
817.0 303.0 
855.0683 334.56232 
887.10846 332.33047 
840.0537 372.24768 
903.5323 370.13394 
830.5668 422.4842 
922.18005 422.309 
845.5831 458.6545 
930.14984 460.956 
857.4416 463.20572 
896.15936 459.732 
863.1843 521.56274 
902.6407 510.3783 
868.9797 585.46094 
895.0006 574.3775 
818.0 295.0 
818.0 295.0 
818.0 295.0 
856.0038 333.5785 
888.07574 333.2078 
842.59326 372.08362 
903.9752 370.02988 
830.9005 418.49933 
922.5127 422.19153 
845.77844 446.42755 
931.0013 461.2006 
857.94836 458.2363 
898.20544 456.99933 
864.3947 520.55536 
904.25024 509.24847 
868.03033 580.61694 
900.6666 570.9226 
819.0 295.0 
819.0 295.0 
819.0 295.0 
858.5544 330.3235 
889.29114 327.9813 
842.2021 371.29028 
905.7283 368.9884 
832.5652 420.8625 
922.86365 420.64972 
819.0 295.0 
931.4021 460.46967 
858.3946 459.714 
898.1715 457.435 
864.55853 519.52997 
904.7204 508.1239 
868.8541 588.9944 
903.85876 569.6168 
820.0 294.0 
820.0 294.0 
820.0 294.0 
859.8929 332.34854 
890.90955 331.353 
845.09106 369.83115 
906.65717 368.09848 
834.0053 419.64343 
923.2923 420.26538 
820.0 294.0 
930.6201 460.6581 
859.9442 458.24347 
899.7919 455.4696 
864.87274 519.5679 
905.82965 508.15015 
868.8517 586.80383 
908.4409 566.667 
821.0 294.0 
821.0 294.0 
821.0 294.0 
860.7988 330.65955 
892.80347 329.3877 
845.1063 369.31757 
909.91565 368.40076 
835.2814 418.2883 
924.2554 419.20847 
821.0 294.0 
931.0364 461.69836 
861.325 457.7272 
901.6579 455.79675 
865.8808 519.0195 
906.6195 506.96365 
868.8374 588.6414 
910.0023 559.3164 
821.0 294.0 
821.0 294.0 
821.0 294.0 
864.0161 332.12677 
894.9498 332.17145 
847.36237 369.19495 
909.71655 368.17175 
836.26544 415.20892 
925.8653 419.69125 
821.0 294.0 
930.4121 459.51086 
862.7378 457.3037 
901.5265 456.51288 
865.7411 521.70435 
907.095 507.04562 
869.2109 587.70184 
910.0936 554.84033 
823.0 302.0 
823.0 302.0 
823.0 302.0 
865.34875 331.26935 
897.18243 330.82504 
849.2842 367.9569 
910.7501 368.1682 
837.6427 414.04773 
926.9961 419.6032 
823.0 302.0 
930.2379 460.0317 
863.34607 456.83502 
902.1108 453.76038 
867.4442 514.60925 
906.0379 507.04657 
869.0298 589.2622 
906.7883 554.47687 
832.0 302.0 
832.0 302.0 
832.0 302.0 
868.0133 330.79163 
899.35333 332.1088 
852.477 367.1977 
912.8251 368.29285 
839.2314 413.85254 
928.4389 421.6548 
854.21967 436.58844 
930.4045 461.30334 
863.995 455.97205 
904.484 456.91956 
867.6052 521.17114 
907.1166 507.64227 
868.68365 589.86865 
904.98785 554.63477 
833.0 301.0 
833.0 301.0 
833.0 301.0 
871.0088 329.89862 
902.1379 328.90512 
854.5215 364.7486 
915.2967 367.27545 
840.79877 410.84045 
930.3097 421.5062 
854.37213 438.98837 
930.8555 461.95627 
864.0386 454.82495 
904.49786 456.98346 
868.87756 518.4748 
906.62305 506.41562 
868.88446 582.33527 
905.08105 554.90063 
834.0 298.0 
834.0 298.0 
834.0 298.0 
874.02527 326.8145 
903.4652 326.88138 
855.7884 363.6739 
916.0915 365.59955 
841.43146 410.3637 
932.0743 417.36282 
854.65576 439.27505 
931.6028 457.33636 
866.1425 454.41003 
905.31775 453.03073 
870.9964 515.5306 
908.19086 505.07483 
869.6045 581.5481 
904.6267 556.8856 
829.0 292.0 
829.0 292.0 
829.0 292.0 
880.3116 322.05853 
910.82306 323.28357 
860.9227 356.7411 
923.3086 359.49054 
844.2754 400.78992 
935.5791 410.93896 
850.8503 431.98865 
935.0055 449.87994 
870.8372 444.77536 
910.00836 446.67908 
876.80597 506.60974 
908.9859 500.18427 
870.7187 576.8512 
905.0919 549.94403 
