fall
515.0 374.0 
515.0 374.0 
515.0 374.0 
515.0 374.0 
515.0 374.0 
515.0 374.0 
626.25287 416.91876 
515.0 374.0 
610.96814 446.77557 
515.0 374.0 
622.9427 460.2757 
515.0 374.0 
586.98486 451.17477 
515.0 374.0 
515.0 374.0 
515.0 374.0 
515.0 374.0 
514.0 374.0 
514.0 374.0 
514.0 374.0 
514.0 374.0 
643.4894 397.9239 
609.50684 388.4598 
628.01587 413.8815 
514.0 374.0 
611.24445 452.01746 
514.0 374.0 
624.5739 460.3664 
563.1596 432.626 
584.83746 453.01822 
514.0 374.0 
514.0 374.0 
514.0 374.0 
514.0 374.0 
519.0 373.0 
519.0 373.0 
519.0 373.0 
519.0 373.0 
519.0 373.0 
519.0 373.0 
628.2928 418.17755 
519.0 373.0 
611.43445 450.34503 
519.0 373.0 
622.5033 461.38876 
519.0 373.0 
586.8207 455.6633 
519.0 373.0 
519.0 373.0 
519.0 373.0 
519.0 373.0 
486.0 396.0 
486.0 396.0 
486.0 396.0 
486.0 396.0 
486.0 396.0 
486.0 396.0 
486.0 396.0 
486.0 396.0 
486.0 396.0 
486.0 396.0 
486.0 396.0 
555.8414 453.31412 
486.0 396.0 
529.0108 410.89337 
486.0 396.0 
500.9869 448.3566 
486.0 396.0 
488.0 395.0 
488.0 395.0 
488.0 395.0 
488.0 395.0 
488.0 395.0 
488.0 395.0 
488.0 395.0 
488.0 395.0 
488.0 395.0 
488.0 395.0 
488.0 395.0 
557.32605 454.2586 
488.0 395.0 
532.1553 410.38342 
488.0 395.0 
502.58414 447.34363 
488.0 395.0 
488.0 396.0 
488.0 396.0 
488.0 396.0 
488.0 396.0 
488.0 396.0 
488.0 396.0 
488.0 396.0 
488.0 396.0 
488.0 396.0 
488.0 396.0 
488.0 396.0 
559.89825 454.23944 
488.0 396.0 
534.89417 411.40323 
488.0 396.0 
503.72885 447.79547 
488.0 396.0 
488.0 404.0 
488.0 404.0 
488.0 404.0 
488.0 404.0 
488.0 404.0 
488.0 404.0 
488.0 404.0 
488.0 404.0 
488.0 404.0 
488.0 404.0 
488.0 404.0 
559.6303 450.41885 
488.0 404.0 
535.35345 412.48505 
488.0 404.0 
504.06476 447.36914 
488.0 404.0 
