fall
675.0 277.0 
675.0 277.0 
675.0 277.0 
675.0 277.0 
675.0 277.0 
697.0424 294.9041 
716.42175 297.1174 
675.0 277.0 
726.7705 318.98804 
675.0 277.0 
675.0 277.0 
691.14557 337.1829 
706.91736 337.98093 
691.5567 364.42535 
710.9805 363.46213 
692.9849 391.52475 
707.8845 388.99323 
674.0 277.0 
674.0 277.0 
674.0 277.0 
674.0 277.0 
674.0 277.0 
697.5591 296.9815 
718.10583 297.79883 
674.0 277.0 
726.8488 318.80896 
674.0 277.0 
674.0 277.0 
691.1008 336.44025 
706.62476 337.27795 
692.6716 363.16336 
711.15826 362.01285 
693.3995 390.5537 
708.8528 387.19662 
673.0 278.0 
673.0 278.0 
673.0 278.0 
673.0 278.0 
673.0 278.0 
697.48413 298.6168 
719.0527 299.62952 
673.0 278.0 
727.8622 318.94482 
673.0 278.0 
673.0 278.0 
691.87085 337.4806 
707.90857 338.63483 
691.7791 363.31128 
710.58954 363.15555 
693.687 389.22638 
709.4365 387.60608 
674.0 288.0 
674.0 288.0 
674.0 288.0 
674.0 288.0 
674.0 288.0 
698.6269 300.08582 
716.76227 300.86755 
674.0 288.0 
729.0052 318.81 
674.0 288.0 
674.0 288.0 
692.5037 338.1671 
709.4618 338.83456 
689.92346 365.30936 
709.7723 364.37488 
693.77423 391.14822 
709.4723 388.21442 
676.0 289.0 
676.0 289.0 
676.0 289.0 
676.0 289.0 
676.0 289.0 
699.9462 300.71832 
718.9351 301.55862 
676.0 289.0 
729.8162 322.01172 
676.0 289.0 
676.0 289.0 
692.7376 339.98343 
709.7379 341.41235 
690.9399 364.93448 
709.24 365.86023 
694.0826 390.30515 
707.69104 388.84113 
678.0 290.0 
678.0 290.0 
678.0 290.0 
678.0 290.0 
678.0 290.0 
700.4075 302.72018 
720.9256 303.8567 
678.0 290.0 
730.8998 324.1564 
678.0 290.0 
678.0 290.0 
691.90216 344.41296 
707.7704 347.42825 
678.0 290.0 
678.0 290.0 
678.0 290.0 
678.0 290.0 
677.0 290.0 
677.0 290.0 
677.0 290.0 
677.0 290.0 
677.0 290.0 
700.42676 302.9331 
721.27875 305.02966 
677.0 290.0 
731.92883 326.09195 
677.0 290.0 
677.0 290.0 
690.7379 345.99066 
708.145 349.02435 
677.0 290.0 
677.0 290.0 
677.0 290.0 
677.0 290.0 
677.0 290.0 
677.0 290.0 
677.0 290.0 
677.0 290.0 
677.0 290.0 
701.5755 304.1416 
722.5926 307.13806 
677.0 290.0 
732.26733 326.12274 
677.0 290.0 
677.0 290.0 
692.25854 342.50272 
708.28357 344.80832 
677.0 290.0 
677.0 290.0 
677.0 290.0 
677.0 290.0 
677.0 290.0 
677.0 290.0 
677.0 290.0 
677.0 290.0 
677.0 290.0 
705.1538 303.95193 
725.10596 308.13147 
677.0 290.0 
732.8263 328.33392 
677.0 290.0 
677.0 290.0 
692.4708 340.31613 
708.78107 342.97333 
697.0387 368.63992 
712.32336 368.01114 
696.0174 391.5192 
709.4897 388.95035 
677.0 299.0 
677.0 299.0 
677.0 299.0 
677.0 299.0 
677.0 299.0 
706.35425 305.55502 
725.094 308.22635 
677.0 299.0 
733.7711 329.13202 
677.0 299.0 
677.0 299.0 
691.47015 339.10443 
707.64874 342.0783 
692.91064 368.52136 
711.27924 366.57892 
677.0 299.0 
708.09625 388.12958 
668.0 299.0 
668.0 299.0 
668.0 299.0 
668.0 299.0 
668.0 299.0 
706.64465 306.13657 
726.0 308.88074 
668.0 299.0 
732.8302 329.55435 
668.0 299.0 
668.0 299.0 
689.7624 337.07117 
705.5831 341.01553 
688.85394 368.32114 
711.34375 366.41455 
668.0 299.0 
708.1041 388.17325 
667.0 299.0 
667.0 299.0 
667.0 299.0 
667.0 299.0 
667.0 299.0 
710.0234 305.9007 
727.75385 309.77246 
667.0 299.0 
733.03577 330.3483 
667.0 299.0 
667.0 299.0 
690.19525 336.1917 
705.59576 340.0037 
687.16785 368.68707 
710.9799 367.14954 
667.0 299.0 
667.0 299.0 
666.0 299.0 
666.0 299.0 
666.0 299.0 
666.0 299.0 
666.0 299.0 
709.6267 307.4256 
729.3514 313.07727 
666.0 299.0 
733.88873 332.23328 
666.0 299.0 
666.0 299.0 
689.85815 334.09564 
703.91376 339.1808 
687.70264 361.0725 
712.8188 363.1894 
676.83875 383.8496 
708.74805 387.7894 
666.0 300.0 
666.0 300.0 
666.0 300.0 
666.0 300.0 
666.0 300.0 
710.63153 307.87308 
728.9979 313.04053 
666.0 300.0 
733.3333 332.9256 
666.0 300.0 
666.0 300.0 
689.41437 333.42255 
704.65356 338.8182 
687.1822 360.9931 
712.365 363.10907 
675.66974 383.0872 
708.29114 387.72943 
666.0 300.0 
666.0 300.0 
666.0 300.0 
666.0 300.0 
666.0 300.0 
711.7655 308.68362 
728.16077 314.7732 
666.0 300.0 
732.8369 333.41785 
666.0 300.0 
666.0 300.0 
689.71356 333.37433 
703.5713 338.94623 
685.46326 359.4431 
713.03107 360.77084 
673.6013 380.84732 
708.49286 387.60455 
666.0 301.0 
666.0 301.0 
666.0 301.0 
666.0 301.0 
666.0 301.0 
712.74536 310.08713 
728.9188 316.35004 
666.0 301.0 
732.52185 334.606 
666.0 301.0 
666.0 301.0 
689.23413 333.66763 
702.8576 339.53885 
684.843 359.87024 
713.64 360.24258 
672.9934 380.9814 
708.0049 387.80768 
666.0 302.0 
666.0 302.0 
666.0 302.0 
666.0 302.0 
666.0 302.0 
714.01 310.65393 
728.31946 317.20667 
666.0 302.0 
732.1885 335.57538 
666.0 302.0 
666.0 302.0 
689.2663 334.0192 
701.81036 340.00403 
686.0095 360.86218 
714.0476 360.72464 
673.80896 381.12585 
708.15186 387.08536 
666.0 302.0 
666.0 302.0 
666.0 302.0 
666.0 302.0 
666.0 302.0 
713.6994 311.82077 
727.18915 317.0642 
666.0 302.0 
731.91833 336.00464 
666.0 302.0 
666.0 302.0 
689.0666 335.27277 
700.60754 340.91672 
686.33466 361.5725 
714.2345 360.9521 
673.78955 381.62955 
708.4426 386.6985 
666.0 303.0 
666.0 303.0 
666.0 303.0 
666.0 303.0 
666.0 303.0 
714.22833 312.80917 
728.0421 318.39212 
666.0 303.0 
731.7018 336.73462 
666.0 303.0 
666.0 303.0 
689.4631 335.83524 
700.34216 340.97662 
688.66785 362.46558 
714.96924 362.56055 
674.704 383.16852 
709.8971 386.90533 
667.0 303.0 
667.0 303.0 
667.0 303.0 
667.0 303.0 
667.0 303.0 
713.91473 313.11926 
726.4366 318.21796 
667.0 303.0 
731.31134 338.957 
667.0 303.0 
667.0 303.0 
688.4852 337.14944 
699.28906 342.12823 
686.1734 363.1032 
716.07806 359.69812 
672.8274 382.89874 
709.732 386.56067 
667.0 303.0 
667.0 303.0 
667.0 303.0 
667.0 303.0 
667.0 303.0 
714.1606 313.69876 
726.74457 319.42648 
667.0 303.0 
731.8551 340.0829 
667.0 303.0 
667.0 303.0 
688.3428 337.93628 
698.6879 342.86066 
685.45984 363.9854 
716.2099 359.09766 
672.90924 383.06503 
709.6207 386.64233 
667.0 304.0 
667.0 304.0 
667.0 304.0 
667.0 304.0 
667.0 304.0 
714.7545 314.03842 
726.36395 320.4909 
667.0 304.0 
731.4203 340.50177 
667.0 304.0 
740.36145 333.3239 
688.2083 338.52457 
698.94025 342.6134 
685.7269 364.61227 
716.381 361.38577 
673.2384 383.1189 
709.52374 387.25714 
667.0 304.0 
667.0 304.0 
667.0 304.0 
667.0 304.0 
667.0 304.0 
713.91205 315.56918 
726.8835 320.97363 
667.0 304.0 
730.7047 341.1912 
667.0 304.0 
667.0 304.0 
688.3275 339.53134 
699.249 343.03207 
688.90137 368.2407 
716.74817 360.43948 
667.0 304.0 
709.30975 387.10556 
667.0 304.0 
667.0 304.0 
667.0 304.0 
667.0 304.0 
667.0 304.0 
715.95465 316.22177 
727.1875 321.4553 
667.0 304.0 
730.7073 343.53513 
667.0 304.0 
667.0 304.0 
689.98694 341.2934 
698.6649 344.19995 
691.348 370.0972 
716.3177 361.29706 
667.0 304.0 
709.5734 387.21808 
667.0 305.0 
667.0 305.0 
667.0 305.0 
667.0 305.0 
736.37744 323.06604 
717.71295 316.79303 
727.20715 323.02808 
667.0 305.0 
730.70685 344.0531 
667.0 305.0 
667.0 305.0 
690.4476 342.22778 
698.6346 346.0088 
691.2471 371.20447 
716.95306 361.97485 
667.0 305.0 
709.7688 387.0222 
667.0 305.0 
667.0 305.0 
667.0 305.0 
667.0 305.0 
667.0 305.0 
716.6626 317.7575 
727.0397 324.6622 
667.0 305.0 
730.8258 345.7043 
667.0 305.0 
740.1672 338.06686 
689.2401 342.83057 
698.68365 346.63336 
667.0 305.0 
717.12805 362.3078 
667.0 305.0 
709.4124 387.15363 
668.0 306.0 
668.0 306.0 
668.0 306.0 
668.0 306.0 
668.0 306.0 
716.91174 319.03992 
725.4691 325.18045 
668.0 306.0 
730.2016 346.77893 
668.0 306.0 
740.28766 340.87738 
693.25446 345.26376 
699.3843 349.33063 
668.0 306.0 
717.5489 362.9802 
668.0 306.0 
709.6489 386.8309 
668.0 314.0 
668.0 314.0 
668.0 314.0 
668.0 314.0 
668.0 314.0 
716.0765 319.35703 
725.52655 325.75757 
668.0 314.0 
730.4772 348.031 
668.0 314.0 
739.23315 343.93835 
690.2517 345.8342 
699.1615 350.38306 
668.0 314.0 
719.1228 362.10175 
668.0 314.0 
709.40717 386.79138 
668.0 315.0 
668.0 315.0 
668.0 315.0 
668.0 315.0 
668.0 315.0 
715.86096 320.12564 
724.5926 325.7788 
668.0 315.0 
730.0806 349.20328 
668.0 315.0 
668.0 315.0 
690.52203 348.25098 
698.2898 352.95923 
668.0 315.0 
719.8588 362.39462 
668.0 315.0 
709.8595 386.23663 
668.0 316.0 
668.0 316.0 
668.0 316.0 
668.0 316.0 
668.0 316.0 
716.0732 321.53824 
723.74023 326.5901 
668.0 316.0 
730.6548 350.4881 
668.0 316.0 
668.0 316.0 
691.64923 350.35117 
698.5549 354.2703 
668.0 316.0 
720.0046 362.4992 
668.0 316.0 
708.6552 386.44263 
668.0 316.0 
668.0 316.0 
668.0 316.0 
668.0 316.0 
668.0 316.0 
713.0865 323.79715 
722.72986 328.07693 
668.0 316.0 
730.8917 354.322 
668.0 316.0 
668.0 316.0 
690.3001 353.37726 
699.4301 356.16223 
668.0 316.0 
721.6929 361.2681 
668.0 316.0 
709.65045 385.85916 
669.0 317.0 
669.0 317.0 
669.0 317.0 
669.0 317.0 
669.0 317.0 
714.0566 323.5179 
724.44775 329.03442 
669.0 317.0 
729.50903 354.01422 
669.0 317.0 
741.2716 361.52097 
689.4587 355.02258 
699.8009 358.3407 
669.0 317.0 
722.38556 362.15268 
669.0 317.0 
709.19574 385.29486 
670.0 318.0 
670.0 318.0 
670.0 318.0 
670.0 318.0 
670.0 318.0 
712.9657 326.202 
722.5104 331.89078 
670.0 318.0 
728.3788 353.36615 
670.0 318.0 
736.87537 363.66522 
689.04126 357.83096 
699.3862 361.6972 
670.0 318.0 
723.0736 363.87668 
670.0 318.0 
708.46747 385.8745 
670.0 319.0 
670.0 319.0 
670.0 319.0 
670.0 319.0 
670.0 319.0 
711.6849 326.49084 
722.70276 332.7937 
670.0 319.0 
728.5236 356.0782 
670.0 319.0 
736.8541 367.92618 
688.26404 364.0884 
700.0019 368.729 
670.0 319.0 
725.84753 361.42645 
670.0 319.0 
709.8872 384.5968 
671.0 320.0 
671.0 320.0 
671.0 320.0 
671.0 320.0 
671.0 320.0 
710.62134 327.22253 
721.50055 333.71814 
671.0 320.0 
729.09717 359.60458 
671.0 320.0 
735.88104 370.70892 
689.37805 368.2217 
700.64624 373.08344 
671.0 320.0 
728.6053 361.6597 
671.0 320.0 
709.27765 385.62024 
669.0 319.0 
669.0 319.0 
669.0 319.0 
669.0 319.0 
669.0 319.0 
710.38776 328.67715 
722.31433 335.70425 
669.0 319.0 
727.9691 361.2259 
669.0 319.0 
735.2085 373.1521 
691.11597 372.07526 
703.2688 377.21555 
669.0 319.0 
729.01965 363.1897 
669.0 319.0 
669.0 319.0 
668.0 320.0 
668.0 320.0 
668.0 320.0 
668.0 320.0 
668.0 320.0 
710.49475 331.452 
720.5952 337.39874 
668.0 320.0 
727.95715 362.9265 
668.0 320.0 
734.6043 375.76334 
692.323 374.22223 
703.7906 379.1259 
668.0 320.0 
727.9724 365.3552 
668.0 320.0 
668.0 320.0 
668.0 321.0 
668.0 321.0 
668.0 321.0 
668.0 321.0 
668.0 321.0 
707.67535 332.4926 
720.23 338.13583 
668.0 321.0 
727.8419 365.8222 
668.0 321.0 
733.9848 380.13422 
695.2223 380.3982 
708.18066 384.60855 
668.0 321.0 
668.0 321.0 
668.0 321.0 
668.0 321.0 
668.0 321.0 
668.0 321.0 
668.0 321.0 
668.0 321.0 
668.0 321.0 
705.8832 333.9835 
720.2091 338.66187 
668.0 321.0 
728.189 367.32132 
668.0 321.0 
733.4557 381.22714 
695.53235 381.80563 
709.3708 387.48477 
668.0 321.0 
668.0 321.0 
668.0 321.0 
668.0 321.0 
667.0 321.0 
667.0 321.0 
667.0 321.0 
667.0 321.0 
726.25006 337.2149 
707.1978 336.31592 
721.4857 344.57407 
667.0 321.0 
727.0336 368.88297 
667.0 321.0 
732.71185 382.81998 
695.54535 382.76086 
710.5123 387.96326 
667.0 321.0 
667.0 321.0 
667.0 321.0 
667.0 321.0 
667.0 322.0 
667.0 322.0 
667.0 322.0 
667.0 322.0 
667.0 322.0 
704.9863 339.58502 
720.1807 344.05478 
667.0 322.0 
728.17236 370.406 
667.0 322.0 
733.0972 385.91638 
696.4472 384.41156 
711.17377 387.85126 
667.0 322.0 
667.0 322.0 
667.0 322.0 
667.0 322.0 
805.0 326.0 
805.0 326.0 
805.0 326.0 
805.0 326.0 
805.0 326.0 
839.02606 348.29626 
862.64355 350.87485 
825.2661 357.721 
805.0 326.0 
805.0 326.0 
805.0 326.0 
834.2273 381.07007 
852.32385 384.27692 
805.0 326.0 
805.0 326.0 
805.0 326.0 
805.0 326.0 
668.0 323.0 
668.0 323.0 
668.0 323.0 
668.0 323.0 
668.0 323.0 
706.5131 342.54034 
720.64935 347.9252 
668.0 323.0 
729.38525 370.80566 
668.0 323.0 
733.3203 387.00507 
697.17676 386.7908 
711.51965 390.6117 
668.0 323.0 
668.0 323.0 
668.0 323.0 
668.0 323.0 
797.0 326.0 
797.0 326.0 
797.0 326.0 
797.0 326.0 
797.0 326.0 
838.7385 348.88766 
862.3948 350.9503 
826.8314 360.0101 
866.04596 362.53955 
797.0 326.0 
797.0 326.0 
834.6638 380.577 
852.87024 382.65277 
797.0 326.0 
797.0 326.0 
797.0 326.0 
797.0 326.0 
798.0 327.0 
798.0 327.0 
798.0 327.0 
798.0 327.0 
798.0 327.0 
839.72723 350.5056 
862.93823 353.3981 
826.12585 361.71732 
866.8688 365.94534 
798.0 327.0 
798.0 327.0 
834.9517 381.9731 
853.034 384.31174 
798.0 327.0 
798.0 327.0 
798.0 327.0 
798.0 327.0 
668.0 324.0 
668.0 324.0 
668.0 324.0 
668.0 324.0 
668.0 324.0 
704.4403 345.80203 
720.885 350.53198 
668.0 324.0 
729.9588 373.74335 
668.0 324.0 
668.0 324.0 
698.0929 389.19263 
712.6555 392.96036 
668.0 324.0 
668.0 324.0 
668.0 324.0 
668.0 324.0 
798.0 328.0 
798.0 328.0 
798.0 328.0 
798.0 328.0 
798.0 328.0 
840.0717 352.01266 
863.4029 354.92673 
824.32227 365.04987 
867.0857 368.9323 
798.0 328.0 
798.0 328.0 
836.2961 382.10297 
853.1589 384.6376 
798.0 328.0 
798.0 328.0 
798.0 328.0 
798.0 328.0 
798.0 330.0 
798.0 330.0 
798.0 330.0 
798.0 330.0 
798.0 330.0 
840.6212 354.52417 
864.2975 357.19595 
824.27905 365.97528 
798.0 330.0 
798.0 330.0 
798.0 330.0 
835.6227 383.3192 
853.83997 385.1437 
798.0 330.0 
798.0 330.0 
798.0 330.0 
798.0 330.0 
