fall
651.0 276.0 
651.0 276.0 
651.0 276.0 
651.0 276.0 
651.0 276.0 
681.4232 311.98795 
695.57715 307.9832 
670.93463 333.95312 
651.0 276.0 
661.70276 344.76178 
651.0 276.0 
677.6988 355.08295 
688.8119 353.66797 
670.649 383.21573 
677.4399 381.08063 
688.6353 407.07132 
698.7273 402.94113 
650.0 276.0 
650.0 276.0 
650.0 276.0 
650.0 276.0 
650.0 276.0 
680.4993 312.63727 
692.5099 308.688 
670.7769 334.33847 
650.0 276.0 
660.0666 347.9563 
650.0 276.0 
677.4112 358.45135 
685.75903 357.04297 
668.2703 385.22302 
673.9231 383.37222 
697.06537 402.79297 
650.0 276.0 
640.0 294.0 
640.0 294.0 
640.0 294.0 
640.0 294.0 
640.0 294.0 
669.20074 325.36984 
679.9 323.42117 
658.1617 350.78687 
640.0 294.0 
640.0 294.0 
640.0 294.0 
671.09204 373.70328 
681.2658 372.01532 
640.0 294.0 
640.0 294.0 
640.0 294.0 
640.0 294.0 
633.0 300.0 
633.0 300.0 
633.0 300.0 
633.0 300.0 
633.0 300.0 
658.1621 330.86462 
667.9441 327.29233 
642.8807 353.17053 
633.0 300.0 
633.0 300.0 
633.0 300.0 
670.7561 383.6731 
633.0 300.0 
633.0 300.0 
633.0 300.0 
633.0 300.0 
633.0 300.0 
631.0 302.0 
631.0 302.0 
631.0 302.0 
631.0 302.0 
631.0 302.0 
656.30035 333.79263 
665.18353 329.56375 
640.91266 352.18115 
631.0 302.0 
631.0 302.0 
631.0 302.0 
670.2993 381.04575 
681.3821 377.38373 
631.0 302.0 
631.0 302.0 
631.0 302.0 
631.0 302.0 
613.0 342.0 
613.0 342.0 
613.0 342.0 
613.0 342.0 
613.0 342.0 
633.35364 359.88773 
646.99384 353.75894 
613.0 342.0 
613.0 342.0 
613.0 342.0 
613.0 342.0 
656.8852 374.427 
669.8379 370.7612 
646.70844 388.2336 
613.0 342.0 
613.0 342.0 
613.0 342.0 
