fall
230.0 252.0 
230.0 252.0 
230.0 252.0 
230.0 252.0 
313.494 280.35052 
266.16586 292.73154 
311.59137 300.8246 
244.85175 318.78992 
320.214 334.5671 
257.93277 338.8858 
328.90594 364.73856 
260.46255 367.61798 
289.61102 371.0907 
256.54825 417.79834 
303.42493 417.0141 
245.99588 468.25052 
310.47647 466.9426 
803.1255 214.17773 
805.11316 211.78358 
801.10815 211.26353 
755.0 197.0 
793.37006 209.26064 
802.935 223.86008 
780.2973 218.98286 
801.7928 240.76892 
767.7483 233.73152 
755.0 197.0 
765.94055 252.5153 
790.812 246.28961 
775.44836 244.63657 
807.99396 255.37997 
784.4396 252.98677 
797.5819 281.74908 
784.78174 282.29404 
349.70996 311.8974 
353.63968 307.75708 
348.08023 307.46735 
366.31665 307.51202 
329.0 282.0 
382.7978 323.71313 
344.47543 322.3594 
395.79083 355.44717 
338.81647 347.18423 
383.13065 381.0702 
329.0 282.0 
385.555 361.04407 
362.01492 361.13834 
380.85532 385.7826 
345.8846 382.23798 
377.69135 420.75 
367.13123 412.64386 
450.569 221.62909 
452.991 219.00175 
424.0 201.0 
463.39587 216.74167 
424.0 201.0 
472.43854 234.55814 
452.0351 228.48358 
473.95697 265.94974 
443.03693 248.72914 
461.9223 287.81018 
433.67194 268.2549 
463.97827 275.16098 
449.51025 271.1723 
447.57623 299.91055 
436.83395 294.7294 
453.91608 334.38382 
450.0635 327.24316 
518.3523 134.23549 
482.0 113.0 
517.02545 131.3042 
482.0 113.0 
510.12057 130.26102 
514.9829 143.6428 
499.3481 141.84958 
514.5074 159.46909 
489.3148 154.33612 
482.0 113.0 
482.0 113.0 
510.87314 178.54935 
498.18793 178.19998 
514.90234 202.21321 
496.26227 204.11188 
516.2118 226.41408 
491.53436 227.58041 
227.0 261.0 
227.0 261.0 
227.0 261.0 
291.0273 275.67468 
312.46588 281.66373 
264.3449 295.17786 
310.41336 302.37527 
241.83899 317.9793 
317.2158 337.07977 
227.0 261.0 
327.3332 369.4801 
257.7975 367.82047 
287.3261 373.17517 
252.4974 418.25128 
301.1396 418.01672 
241.73624 467.4917 
310.9469 466.65527 
802.987 218.7134 
805.3793 216.26443 
800.62885 215.62445 
755.0 200.0 
792.42126 212.54346 
803.7581 226.92946 
780.55115 222.55916 
755.0 200.0 
766.9004 238.56842 
755.0 200.0 
764.681 257.29822 
790.8828 250.10991 
775.06805 249.46806 
809.43036 255.55293 
784.7543 254.21039 
798.59247 282.90112 
784.93835 283.19577 
421.0 202.0 
421.0 202.0 
421.0 202.0 
461.00943 219.61133 
421.0 202.0 
470.80423 235.47856 
449.59323 231.14546 
473.31012 264.3858 
440.09427 251.97594 
421.0 202.0 
429.8164 273.4657 
466.24878 276.00302 
451.8382 273.1388 
449.521 301.54688 
432.54407 294.74966 
454.40536 333.1526 
442.49948 327.55743 
350.22684 317.46487 
354.35413 312.82568 
348.2428 312.77563 
367.40048 312.93265 
329.0 284.0 
382.98392 327.09113 
345.78247 327.2039 
393.97458 360.04337 
337.95657 352.07428 
381.07858 384.63495 
329.0 284.0 
387.02393 363.75116 
361.9554 362.93762 
381.73944 385.13235 
345.45862 382.78653 
377.2737 419.88486 
367.45468 411.70242 
518.7629 136.02753 
477.0 114.0 
517.68384 133.24765 
477.0 114.0 
511.60916 131.06999 
516.3413 144.3772 
499.87814 142.99509 
516.61835 161.18626 
490.98132 154.23184 
517.73724 176.00786 
477.0 114.0 
510.8265 179.12204 
498.43655 178.35986 
516.76904 202.83911 
498.14105 204.39035 
520.2268 226.68451 
491.7002 228.30312 
225.0 263.0 
225.0 263.0 
225.0 263.0 
225.0 263.0 
310.02182 284.07132 
262.57074 296.22937 
307.34177 303.87143 
239.73303 319.04092 
314.4076 343.29895 
225.0 263.0 
326.54276 373.07166 
253.83083 369.02255 
282.88965 373.89517 
248.74306 420.03918 
299.25217 418.28235 
238.14867 473.5183 
310.82886 467.68488 
803.44965 223.01677 
805.454 220.56393 
801.12335 220.24088 
755.0 201.0 
793.3127 218.10353 
802.9596 230.29317 
779.7918 227.91733 
801.18396 248.05841 
767.3263 243.37494 
755.0 201.0 
763.01733 262.94305 
792.4472 254.78484 
775.2147 254.61774 
810.34717 257.46594 
784.9448 255.85202 
798.5702 282.85632 
785.724 283.10193 
444.98483 229.00531 
447.77274 226.45795 
419.0 204.0 
457.8622 224.24376 
419.0 204.0 
469.2542 238.69012 
446.96967 233.44023 
471.40668 268.11005 
436.9461 254.95822 
419.0 204.0 
427.8763 277.30414 
465.8969 278.25952 
449.75436 274.2815 
446.84024 302.9504 
431.29025 295.95798 
454.05014 335.27313 
436.40466 331.94223 
350.39633 320.94745 
354.2177 317.40482 
348.8996 316.67807 
367.14398 316.8004 
320.0 294.0 
383.94116 332.43716 
348.16055 330.67413 
393.3611 362.4876 
335.9691 352.39966 
381.50183 386.01956 
320.0 294.0 
389.18164 367.09244 
364.2574 365.5318 
381.04926 387.23224 
345.81625 381.6357 
377.56183 420.6811 
366.99542 414.53577 
521.8783 136.83919 
479.0 115.0 
520.6774 134.15549 
479.0 115.0 
513.986 131.95087 
518.73016 144.83388 
502.75226 143.246 
518.1343 162.23692 
491.86572 153.90752 
518.6207 178.07361 
479.0 115.0 
511.71332 178.78668 
499.28802 178.18938 
518.9475 202.52853 
499.45752 204.62173 
523.28406 227.05481 
492.13797 229.44373 
224.0 265.0 
224.0 265.0 
224.0 265.0 
224.0 265.0 
308.0929 287.46622 
258.3953 298.0067 
304.32166 306.28244 
237.51544 316.84125 
310.52405 346.4502 
224.0 265.0 
322.40405 376.2317 
249.56152 370.32257 
279.06244 374.19336 
245.09341 422.2899 
296.76227 419.5556 
237.00453 473.72223 
310.14188 466.43323 
802.5686 226.77542 
804.58936 224.39572 
800.2187 224.10129 
755.0 202.0 
792.91376 222.05211 
803.1067 233.42213 
779.79266 231.36542 
800.5559 251.63577 
765.8007 247.69193 
755.0 202.0 
762.1288 267.1159 
790.7442 257.7767 
775.2156 257.6781 
811.5906 258.07272 
785.9221 256.31824 
798.9892 283.6344 
785.1319 284.22156 
524.92285 137.90343 
481.0 123.0 
524.1215 135.2363 
481.0 123.0 
518.32056 132.66707 
520.5005 145.0704 
505.24927 142.40195 
520.02295 163.00677 
490.34998 150.21317 
520.8511 179.86076 
498.6483 163.51749 
512.5286 178.58994 
501.73517 178.03949 
520.7755 202.89528 
501.30197 206.08539 
526.0664 226.74588 
491.38937 230.7153 
443.5806 232.62401 
446.25525 230.33371 
417.0 206.0 
456.0536 228.2981 
417.0 206.0 
467.53235 243.54227 
443.8326 237.47102 
470.26886 270.65085 
434.53815 258.82523 
417.0 206.0 
424.82098 280.37814 
463.64233 280.7956 
446.96933 277.78592 
446.29797 304.7981 
429.1803 299.49115 
454.39594 335.10266 
432.1501 334.01163 
351.43167 325.72174 
355.34714 321.74146 
349.63028 321.25967 
368.30713 321.1512 
318.0 296.0 
384.5913 334.9359 
348.5972 334.33426 
393.85614 365.09814 
337.03186 353.96133 
382.2582 387.39703 
318.0 296.0 
393.0322 369.8659 
368.54034 369.31476 
381.54825 387.21396 
347.58917 382.94778 
376.61197 421.67953 
370.36438 415.01633 
224.0 268.0 
224.0 268.0 
224.0 268.0 
224.0 268.0 
306.1045 290.9852 
257.05518 297.93542 
303.2574 310.61517 
232.53925 318.06436 
306.37427 348.72357 
224.0 268.0 
318.0529 380.00684 
245.58713 371.6892 
275.56595 376.55063 
242.8286 423.41968 
293.19617 419.47247 
236.40492 474.9262 
308.78616 466.16263 
801.9049 228.95389 
804.0834 226.2776 
799.4313 226.20192 
754.0 212.0 
792.01587 223.99612 
803.149 235.44807 
779.95447 234.27219 
754.0 212.0 
765.2237 251.74033 
754.0 212.0 
760.24927 270.95114 
791.5722 260.75934 
776.6766 260.87286 
812.45154 259.49927 
787.7364 257.2096 
799.555 283.91785 
785.89154 283.78494 
442.74704 238.58421 
444.83698 235.99323 
440.88562 235.60616 
453.8598 232.83612 
414.0 209.0 
465.63272 247.15764 
441.89835 241.70538 
468.9138 272.56537 
432.2822 261.86414 
414.0 209.0 
423.06686 282.32965 
461.8543 284.0345 
445.03873 280.94336 
444.72693 306.5489 
427.43185 301.91992 
454.49216 334.56488 
432.70816 334.08664 
352.25296 329.80753 
356.1685 326.1629 
350.5813 325.3688 
368.9837 324.93204 
317.0 298.0 
386.73285 337.39163 
349.552 337.3115 
394.08557 366.86774 
335.43036 361.3852 
381.43643 388.8643 
317.0 298.0 
392.60925 372.82794 
368.9745 371.5857 
383.4998 386.12344 
346.09686 379.52515 
376.20807 421.94946 
366.66394 416.0484 
526.83026 139.2951 
482.0 123.0 
526.06085 136.0302 
482.0 123.0 
520.84436 132.51576 
522.9894 146.38025 
508.32803 142.98448 
520.9967 165.27599 
494.18744 150.67476 
522.6024 178.32742 
499.62173 164.60458 
513.4467 178.2667 
502.9281 177.74506 
522.8036 201.5058 
501.3511 206.44467 
528.8146 227.11914 
492.03683 230.99393 
221.0 269.0 
221.0 269.0 
221.0 269.0 
221.0 269.0 
302.4396 294.42688 
254.75009 299.78323 
297.63007 312.47922 
229.75252 319.03915 
304.20264 355.80997 
221.0 269.0 
314.78046 387.85733 
241.09108 373.52765 
270.62387 377.60577 
239.53067 425.25952 
290.89545 419.69684 
235.76392 474.717 
306.8053 466.58188 
800.3206 230.82059 
802.46155 228.26712 
797.8325 227.95078 
753.0 213.0 
790.7349 226.1697 
802.0029 237.46548 
779.148 236.49461 
753.0 213.0 
763.77686 253.50273 
753.0 213.0 
758.26294 273.311 
791.5996 267.26843 
777.19257 267.36322 
813.94745 259.66354 
788.975 255.97229 
798.8709 284.3404 
786.06616 284.17694 
353.33694 333.08902 
356.70587 328.74185 
351.7611 329.0616 
369.7141 327.08624 
315.0 299.0 
387.41608 340.33774 
350.20175 340.485 
394.61053 368.00873 
333.96185 363.83124 
380.06134 390.20425 
321.109 382.06458 
394.06244 378.6433 
370.42972 376.61203 
377.98434 389.25912 
345.30823 380.94202 
375.99252 422.53394 
365.6996 414.94348 
441.2293 241.8513 
443.7495 239.42294 
439.33633 238.83511 
453.33206 235.78625 
413.0 219.0 
464.0914 250.14546 
438.44092 245.56381 
466.4914 276.4285 
429.6803 264.71106 
413.0 219.0 
420.5078 285.85416 
460.3446 286.80847 
443.25003 283.56885 
444.0961 308.11774 
426.7777 303.32526 
453.39066 334.8109 
432.34863 334.19098 
529.8851 142.22896 
483.0 124.0 
529.29565 139.37102 
483.0 124.0 
523.97156 135.60106 
524.92596 148.371 
510.13742 144.6082 
522.1638 166.13277 
496.61316 151.20811 
523.6997 180.18246 
483.0 124.0 
515.2372 178.83939 
504.50064 178.69977 
525.7444 201.1052 
502.79553 206.3829 
530.65424 226.80005 
492.93594 228.72691 
439.89648 246.12456 
442.5728 243.77031 
438.11163 243.21506 
451.16812 240.91147 
411.0 220.0 
461.78046 255.00961 
435.7472 248.84209 
466.02148 281.28793 
426.88855 269.26877 
453.26727 300.91656 
418.16833 291.10672 
457.6491 290.9556 
439.19864 288.69992 
444.55478 310.79593 
426.20743 304.76965 
451.81012 335.49164 
433.98602 334.99768 
798.77954 232.02444 
801.20245 229.6517 
796.2582 229.24927 
746.0 214.0 
789.4578 227.73651 
800.75433 239.85986 
779.26166 238.2471 
746.0 214.0 
763.54865 254.71992 
746.0 214.0 
757.7088 274.4568 
792.3899 269.43423 
778.5619 269.36108 
813.55725 259.69217 
789.5597 257.25644 
798.878 283.8398 
786.64813 284.34995 
532.8699 144.16698 
484.0 126.0 
531.7526 141.14778 
484.0 126.0 
524.5834 137.7159 
526.4476 148.72621 
511.97504 145.60593 
484.0 126.0 
501.72498 153.87054 
484.0 126.0 
484.0 126.0 
516.0142 178.62761 
506.0488 178.75613 
528.3165 201.20953 
504.88068 207.59357 
532.33563 228.46547 
492.192 229.93736 
219.0 271.0 
219.0 271.0 
219.0 271.0 
219.0 271.0 
299.71646 298.51642 
251.1384 302.3562 
296.695 315.72757 
225.24117 321.27454 
299.9284 355.57684 
219.0 271.0 
310.59723 389.77377 
236.75717 373.72626 
265.1548 377.878 
238.3722 425.1609 
286.6923 418.94254 
234.83148 476.74744 
303.27176 465.77393 
354.14163 335.5463 
357.7484 331.44913 
352.22803 331.1279 
369.88556 329.8974 
305.0 309.0 
388.8663 340.88168 
350.45963 343.87466 
394.87607 369.08423 
334.78864 366.3665 
379.09723 389.44247 
305.0 309.0 
395.8657 378.60803 
371.4179 378.11118 
386.30164 387.96695 
346.21335 378.0276 
377.00882 420.7144 
369.30713 415.0328 
439.49252 251.33331 
441.80466 248.83603 
437.68652 248.41765 
449.89935 245.00874 
409.0 222.0 
461.36374 257.2273 
434.19135 251.36406 
464.46722 284.51624 
425.25806 271.76382 
453.02057 305.18115 
416.0282 293.56802 
455.43744 293.85257 
437.2205 291.8144 
444.8125 313.4383 
424.42188 307.53137 
453.0117 334.90613 
432.71902 334.34647 
537.14795 147.64236 
485.0 128.0 
536.8896 144.53557 
485.0 128.0 
531.9675 140.74925 
530.0109 152.81616 
519.1345 147.58429 
485.0 128.0 
503.2046 154.81444 
485.0 128.0 
505.55328 171.69688 
516.86743 181.19867 
507.69022 180.91913 
531.1738 202.17398 
506.12527 209.12195 
532.75793 228.38762 
494.13388 224.13284 
796.9984 232.46234 
798.96173 230.1272 
794.53827 229.73793 
745.0 214.0 
788.095 228.72824 
799.3065 241.92334 
777.6492 239.78242 
800.2729 258.881 
762.2576 256.63727 
745.0 214.0 
758.25336 275.62692 
791.6388 271.0709 
777.70593 270.90842 
813.14355 258.89014 
787.6664 256.65872 
799.59143 284.46045 
785.8001 284.0869 
213.0 272.0 
213.0 272.0 
213.0 272.0 
213.0 272.0 
297.8606 301.5088 
246.431 306.12454 
293.74493 320.07904 
222.33229 324.09445 
298.3865 358.8648 
213.0 272.0 
307.8301 392.58148 
234.22987 375.33997 
263.671 379.89868 
236.99742 424.607 
284.60797 419.0174 
235.03734 476.9859 
296.55347 468.0517 
353.82455 338.05017 
357.42474 334.00388 
352.32312 333.71793 
370.36694 331.8412 
304.0 310.0 
389.12018 339.8749 
351.75012 345.0311 
396.58786 368.45288 
335.92285 367.23663 
380.19568 389.18903 
321.85278 384.5798 
394.8853 381.3219 
370.42966 380.92462 
390.85706 388.80508 
348.39398 377.71167 
377.5843 420.8274 
369.47662 414.76782 
440.44702 255.25789 
442.55597 251.81824 
400.0 232.0 
449.89062 247.8228 
400.0 232.0 
459.84885 262.2886 
432.95898 255.93245 
463.112 289.31384 
423.4931 276.32986 
454.11047 308.6673 
414.39206 294.25256 
453.8316 297.32263 
435.58716 294.00812 
445.09402 317.46957 
422.31906 308.4571 
451.12778 336.78918 
433.1502 334.4441 
209.0 282.0 
209.0 282.0 
209.0 282.0 
209.0 282.0 
295.2551 305.17896 
244.4619 307.39456 
290.3949 321.60956 
219.33385 326.95572 
296.64734 365.95685 
209.0 282.0 
306.6845 402.08185 
231.4819 375.3236 
260.35373 379.56 
235.71516 424.4629 
280.71164 418.5075 
235.99556 476.63947 
285.53406 470.76904 
355.6913 339.7889 
358.97314 335.69464 
353.6942 335.37292 
372.05386 333.30948 
306.0 311.0 
390.5534 343.18344 
353.60992 346.79828 
395.8899 368.88965 
335.31833 369.42392 
381.12967 388.0978 
320.11182 391.9957 
396.52686 381.78616 
373.07074 383.03802 
398.3894 383.71762 
349.76706 375.79605 
375.01898 420.9195 
368.00574 415.08603 
485.0 130.0 
485.0 130.0 
485.0 130.0 
485.0 130.0 
538.36365 145.1608 
522.9688 149.02675 
531.0422 151.3204 
485.0 130.0 
485.0 130.0 
485.0 130.0 
485.0 130.0 
515.6911 181.9182 
508.7334 181.61948 
532.9604 201.78691 
509.89636 210.15155 
532.72296 228.57693 
494.72015 225.25797 
794.3382 232.7364 
796.76733 230.60059 
791.58386 229.84947 
745.0 214.0 
785.30005 229.02554 
797.4812 242.92747 
777.07764 240.5261 
798.22107 259.51978 
761.72235 257.41147 
745.0 214.0 
756.7868 275.60696 
790.8501 272.95175 
778.8177 272.14493 
814.1347 258.67697 
788.8104 255.96198 
798.4581 284.18164 
786.806 282.9645 
439.31924 259.616 
441.89117 256.7074 
436.1868 256.4417 
449.21854 251.97247 
406.0 235.0 
458.78635 264.04996 
431.65225 258.33414 
461.8893 291.53543 
422.90012 278.57333 
406.0 235.0 
414.68506 295.6053 
454.0536 296.32532 
435.74 293.93604 
446.35565 318.5394 
421.55402 309.9489 
450.35062 335.46326 
433.18936 334.97238 
543.0621 155.71013 
489.0 132.0 
543.4692 152.82156 
489.0 132.0 
538.0158 148.46075 
535.94635 157.021 
524.9262 154.67795 
533.87305 167.84128 
511.65723 161.2956 
535.57166 178.95334 
489.0 132.0 
518.41077 183.13293 
508.7761 184.36263 
533.0753 202.53735 
512.9445 210.79546 
533.0267 228.56644 
491.7754 228.58849 
792.8744 232.86165 
795.3713 230.72762 
790.24945 230.09755 
745.0 215.0 
784.14386 229.71654 
796.0606 243.25346 
776.7126 241.05745 
745.0 215.0 
761.1524 258.2182 
745.0 215.0 
756.9784 276.75516 
790.13477 274.01828 
778.18024 272.7342 
813.21326 258.04953 
745.0 215.0 
799.39197 284.9752 
745.0 215.0 
205.0 284.0 
205.0 284.0 
205.0 284.0 
205.0 284.0 
292.97778 308.85596 
244.0168 308.69 
288.28027 325.87952 
219.57678 326.81265 
296.34665 368.60812 
205.0 284.0 
302.72375 405.43103 
229.55194 376.22693 
257.29446 381.64044 
235.68329 422.9978 
277.2247 419.9607 
235.47005 474.4813 
271.70648 472.8542 
357.65186 340.6222 
360.69983 336.24902 
354.95752 336.81253 
373.11447 333.02805 
303.0 311.0 
391.1336 343.66568 
353.53217 347.0589 
397.77994 367.66672 
335.7641 370.68433 
384.02182 386.09943 
321.65247 395.09082 
394.70285 386.80704 
371.34714 386.8531 
399.90213 383.77576 
349.256 373.5132 
371.44717 419.80942 
364.94058 413.82013 
438.8714 262.92566 
441.49298 260.03827 
436.09796 259.8469 
448.5399 256.45715 
397.0 237.0 
459.88235 267.74426 
431.9237 261.3236 
462.52374 297.61728 
421.59012 282.2765 
454.97113 323.78198 
413.2231 299.10883 
453.93924 300.76898 
437.19122 298.77536 
449.26727 320.41394 
419.2091 307.0534 
397.0 237.0 
431.6604 333.9853 
791.2065 232.84003 
793.43805 230.72975 
788.69714 230.15556 
745.0 215.0 
782.4459 229.89888 
794.4903 243.1959 
773.66235 241.93622 
795.4819 261.60022 
760.1969 259.21475 
745.0 215.0 
757.17 277.69476 
792.3738 274.16138 
780.4762 274.7484 
813.8845 256.9761 
745.0 215.0 
803.191 282.74155 
745.0 215.0 
359.5949 341.92285 
363.0606 337.25775 
357.08704 337.2022 
375.10004 333.91324 
303.0 312.0 
392.8442 342.0516 
354.6545 347.8558 
399.2046 367.46484 
337.94653 371.2175 
385.4509 385.58148 
323.54727 390.936 
393.47226 389.77444 
368.9046 389.55655 
404.4488 387.84467 
350.97815 370.5313 
367.8341 421.65616 
303.0 312.0 
484.0 142.0 
484.0 142.0 
484.0 142.0 
484.0 142.0 
484.0 142.0 
535.52167 157.075 
532.6503 157.12166 
484.0 142.0 
515.1627 167.2053 
484.0 142.0 
520.2197 184.31068 
510.41672 185.66057 
512.76 184.96646 
515.6365 211.73096 
534.5671 205.31165 
494.175 227.40463 
531.6013 231.11671 
204.0 284.0 
204.0 284.0 
204.0 284.0 
204.0 284.0 
291.1532 309.60745 
243.35977 309.59082 
286.92725 329.42346 
216.95071 330.11353 
294.36374 374.8216 
204.0 284.0 
299.7155 411.27863 
227.7259 375.21295 
255.18228 381.66995 
235.11917 422.44037 
272.46613 420.56607 
234.92899 474.3574 
257.30417 472.32788 
437.76862 265.69266 
440.85324 262.97748 
435.04257 262.5487 
449.40604 258.69327 
396.0 239.0 
459.84848 270.45703 
430.29263 263.916 
462.22177 299.91968 
420.43784 285.76413 
456.86386 325.65112 
411.1454 302.79422 
453.97885 303.6607 
436.3719 298.60873 
396.0 239.0 
416.77167 307.36285 
396.0 239.0 
432.2545 334.94724 
210.0 288.0 
210.0 288.0 
210.0 288.0 
210.0 288.0 
286.20715 306.09158 
242.11137 310.10657 
283.51178 329.6835 
214.73589 334.47076 
294.32712 376.39227 
210.0 288.0 
298.67102 414.89496 
226.61769 375.2032 
252.98042 380.61893 
233.41043 422.42218 
268.2771 422.14148 
233.91919 476.63962 
248.01279 470.40942 
792.5467 232.14023 
746.0 214.0 
790.08954 229.71916 
746.0 214.0 
782.54126 229.78386 
793.2683 242.7312 
772.3311 243.14174 
795.06305 261.35657 
759.197 261.2266 
746.0 214.0 
756.8057 279.3261 
793.319 272.64737 
780.26733 275.3699 
814.0537 258.0008 
746.0 214.0 
808.64386 281.74335 
746.0 214.0 
362.04483 340.86963 
365.2951 336.96902 
359.851 336.6708 
377.43484 334.323 
302.0 313.0 
395.4809 345.7306 
357.59042 349.64325 
401.19336 368.10938 
338.56537 370.96616 
388.70447 383.92816 
323.87598 391.96423 
391.5954 389.5462 
367.9301 389.0626 
403.85226 393.80743 
352.13876 368.55466 
365.57736 422.88208 
302.0 313.0 
484.0 146.0 
484.0 146.0 
484.0 146.0 
484.0 146.0 
547.9018 159.66992 
541.96906 164.2521 
530.85645 162.75844 
541.4371 175.7997 
522.2061 176.2528 
547.2547 188.54372 
528.4582 191.901 
521.28577 187.68663 
511.6013 188.09955 
536.2931 204.75446 
519.81213 213.79187 
531.5816 230.2087 
496.71606 225.91296 
365.55 340.90472 
369.0945 336.3685 
363.01645 336.94516 
381.8902 333.77948 
304.0 315.0 
399.7866 343.7239 
361.03568 347.76462 
404.68378 366.59555 
340.47504 369.7254 
392.9327 382.01093 
325.42496 387.66107 
393.13995 391.1761 
369.18546 389.66678 
403.6208 399.53003 
355.34866 365.60968 
361.83502 424.9964 
304.0 315.0 
438.81522 268.9159 
441.6848 266.23105 
436.5755 265.80713 
449.20618 262.02728 
396.0 240.0 
459.85382 272.64697 
430.78583 266.18195 
463.82153 302.20447 
420.2203 286.9784 
458.5543 328.08215 
412.1177 302.8888 
452.19516 307.92096 
434.72867 302.6583 
396.0 240.0 
417.3513 310.07217 
396.0 240.0 
432.44565 335.74628 
487.0 148.0 
487.0 148.0 
487.0 148.0 
487.0 148.0 
551.6929 165.07428 
545.0639 166.79446 
535.3543 167.65616 
543.79535 176.90196 
526.14667 183.85756 
550.729 190.01128 
535.21075 198.15067 
522.0777 189.23251 
511.946 189.7028 
538.37476 205.68588 
523.71844 214.44019 
531.9101 231.94464 
499.85098 225.10898 
786.7417 230.89256 
788.6437 228.61632 
784.0139 228.3104 
746.0 215.0 
777.87164 229.15662 
791.5305 241.87802 
770.6609 243.4642 
793.6634 260.4201 
758.35693 261.93835 
746.0 215.0 
756.06665 278.57587 
791.5946 272.99005 
778.70917 274.71652 
813.22833 260.37173 
746.0 215.0 
746.0 215.0 
746.0 215.0 
202.0 287.0 
202.0 287.0 
202.0 287.0 
202.0 287.0 
202.0 287.0 
240.45737 314.28925 
283.01093 335.1041 
213.52 337.34793 
293.48227 378.0824 
202.0 287.0 
299.62555 416.33563 
224.44655 377.38354 
251.55226 383.45782 
233.37144 423.78564 
263.03226 426.94183 
233.74991 473.5207 
238.99318 471.1695 
491.0 158.0 
491.0 158.0 
491.0 158.0 
491.0 158.0 
550.9043 169.69353 
546.79755 172.31665 
537.6172 171.62334 
548.095 184.2488 
531.7029 188.66066 
555.09924 196.55466 
538.89417 203.23001 
523.0662 191.98761 
515.2671 192.75897 
539.8552 207.52411 
491.0 158.0 
533.22614 230.50313 
491.0 158.0 
202.0 288.0 
202.0 288.0 
202.0 288.0 
202.0 288.0 
202.0 288.0 
243.5667 316.08838 
283.57098 338.78574 
214.74983 335.0583 
293.8482 388.7238 
221.12889 363.31662 
300.838 421.35327 
223.10368 378.78598 
250.63857 386.36713 
233.05888 424.43304 
260.10086 429.95972 
231.8388 475.122 
234.18155 471.81378 
440.7119 271.20798 
443.06552 268.4179 
437.67172 268.033 
450.0927 264.19907 
396.0 242.0 
459.6683 276.50034 
430.1884 270.90305 
464.8285 304.85913 
416.316 295.21982 
460.5629 330.83673 
408.4344 313.6253 
452.90405 311.04395 
436.06052 306.9211 
442.1322 315.95822 
415.53818 308.985 
442.45657 335.90717 
431.68866 334.42215 
369.7619 340.48456 
373.22525 335.98715 
367.40207 335.81903 
385.93292 334.84393 
304.0 315.0 
402.87875 345.5707 
363.8349 347.20465 
408.85254 368.24045 
343.94363 367.53763 
396.30798 382.16605 
327.18332 384.8397 
393.7627 397.97015 
371.93015 393.85858 
402.83676 404.34915 
355.4035 364.6289 
359.61624 426.1673 
364.76007 409.20685 
748.0 214.0 
748.0 214.0 
748.0 214.0 
748.0 214.0 
776.1271 229.72958 
789.74774 242.52757 
768.57574 244.30199 
793.1193 262.85553 
757.2835 263.1688 
748.0 214.0 
756.51215 280.99637 
790.1388 272.85138 
778.2723 275.6185 
813.896 261.97638 
748.0 214.0 
748.0 214.0 
748.0 214.0 
202.0 292.0 
202.0 292.0 
202.0 292.0 
202.0 292.0 
202.0 292.0 
242.94058 319.5238 
282.21698 341.23898 
215.30493 338.48862 
292.5044 393.21332 
220.06729 366.1219 
301.26794 423.59637 
222.27652 380.74332 
247.15695 389.0468 
231.29417 428.70618 
254.93431 435.04398 
232.51949 479.18677 
231.1416 473.3992 
440.62436 273.53528 
443.61133 271.0045 
438.40466 270.3007 
451.16522 266.80307 
396.0 243.0 
461.17474 279.83606 
431.09485 272.45682 
466.42633 309.05316 
417.1446 294.38968 
461.67618 334.0587 
408.02438 311.83188 
452.11374 313.62616 
435.19885 308.24948 
396.0 243.0 
414.78836 310.24738 
396.0 243.0 
430.8944 335.11993 
495.0 162.0 
495.0 162.0 
495.0 162.0 
495.0 162.0 
554.7035 176.86288 
551.4167 178.28947 
542.47595 177.16516 
553.1536 189.9331 
537.99634 193.79579 
558.84955 203.69374 
495.0 162.0 
527.00494 196.25084 
516.9541 194.94176 
540.49335 209.96324 
530.9726 214.068 
532.82996 231.0625 
506.05563 227.65259 
784.61426 230.80865 
749.0 214.0 
781.43274 228.76721 
749.0 214.0 
773.8916 230.86145 
787.25543 242.22812 
767.477 245.36784 
790.29333 261.7801 
755.8758 264.45062 
749.0 214.0 
756.1704 281.26865 
791.141 272.69394 
779.8786 276.32727 
813.0632 263.46695 
749.0 214.0 
749.0 214.0 
749.0 214.0 
375.0276 339.41415 
378.8496 335.22495 
372.61456 335.53467 
391.2249 334.08862 
296.0 315.0 
405.17123 351.97064 
366.89157 347.8976 
412.64542 370.64273 
346.72214 363.12234 
400.60962 383.0586 
330.2941 380.8196 
393.70053 401.7632 
370.84717 394.16547 
400.54825 411.9781 
356.88803 363.15555 
359.7736 430.14227 
365.08896 407.73938 
496.0 165.0 
496.0 165.0 
496.0 165.0 
496.0 165.0 
558.25183 184.17398 
552.11475 185.92505 
545.9239 183.17467 
556.5134 198.0925 
543.94836 201.7703 
563.27045 210.2455 
554.9782 214.49933 
496.0 165.0 
519.6679 199.85056 
496.0 165.0 
533.083 215.85745 
496.0 165.0 
507.27933 228.20427 
443.3828 275.89035 
446.49548 273.43365 
440.78363 272.74307 
453.13565 268.61188 
397.0 245.0 
462.07532 282.32785 
432.4898 273.24844 
467.6002 310.47778 
416.85196 295.05927 
463.41595 335.93854 
406.68182 314.79453 
452.31345 316.76962 
434.7137 311.169 
397.0 245.0 
416.62277 309.6617 
397.0 245.0 
430.6844 335.721 
379.65918 338.68225 
383.76147 335.02023 
377.69144 334.6074 
394.81958 334.83374 
298.0 307.0 
407.694 351.1127 
371.23148 345.61795 
415.41086 374.73978 
346.64743 362.69382 
404.07422 385.01202 
331.6741 378.60205 
393.2236 397.0692 
370.67715 391.3929 
399.11237 411.62833 
354.76474 362.79004 
357.89868 428.91583 
364.93137 408.6833 
201.0 291.0 
201.0 291.0 
201.0 291.0 
201.0 291.0 
201.0 291.0 
246.30078 323.67282 
282.58307 348.78867 
215.31021 335.9623 
293.67102 398.69775 
201.0 291.0 
201.0 291.0 
220.49042 385.64398 
245.18478 394.7125 
230.5543 427.57507 
253.30632 438.52438 
231.75087 478.34747 
230.93977 473.23004 
781.7653 231.97298 
782.43524 229.78114 
778.5723 229.8515 
742.0 214.0 
771.29565 231.8083 
785.1487 243.93344 
764.9865 246.32764 
790.45715 262.46283 
753.79926 264.86932 
742.0 214.0 
754.3124 280.97247 
789.9083 272.13684 
779.10864 276.3782 
812.7036 262.12103 
742.0 214.0 
817.90515 280.15607 
742.0 214.0 
777.28345 232.56761 
778.5424 230.42792 
774.0462 230.68123 
742.0 216.0 
767.5857 233.02289 
782.8455 244.71016 
762.4418 246.76233 
789.1846 263.21265 
752.3808 265.17224 
742.0 216.0 
753.8368 282.33618 
788.45575 273.58643 
776.7851 276.62756 
812.3011 261.43597 
742.0 216.0 
817.90375 281.17935 
742.0 216.0 
445.98047 278.76233 
448.72995 275.63174 
443.03613 275.39526 
455.12924 271.22647 
398.0 254.0 
463.486 285.58734 
432.92203 275.8843 
469.5858 312.99484 
415.23132 298.9054 
466.2216 337.77325 
405.67 315.21255 
452.08926 324.01627 
434.19653 318.57758 
398.0 254.0 
414.06442 309.5196 
398.0 254.0 
398.0 254.0 
384.92462 337.57953 
389.00543 333.93222 
382.62927 333.34866 
400.2983 333.96356 
299.0 314.0 
411.81464 352.71188 
375.80023 344.1131 
419.32614 377.1997 
349.99408 362.16232 
408.84937 387.11667 
333.95154 375.81738 
393.78796 398.69446 
373.98102 391.80072 
399.14716 409.0797 
354.1762 366.18365 
358.30536 429.73096 
365.1098 408.1078 
497.0 175.0 
497.0 175.0 
497.0 175.0 
497.0 175.0 
561.6985 188.64766 
497.0 175.0 
547.6845 185.6212 
497.0 175.0 
549.6246 205.55203 
497.0 175.0 
562.77563 220.37796 
497.0 175.0 
522.99835 200.7583 
497.0 175.0 
532.3623 218.58392 
497.0 175.0 
508.5821 227.57582 
192.0 292.0 
192.0 292.0 
192.0 292.0 
192.0 292.0 
192.0 292.0 
245.42328 331.81476 
283.68286 355.2314 
192.0 292.0 
294.899 407.7196 
192.0 292.0 
306.12982 442.17676 
218.41562 388.26337 
243.8849 396.5379 
228.8287 429.00366 
253.5715 439.30615 
232.1712 480.61377 
231.25217 473.55484 
774.81866 233.34381 
775.67126 231.2348 
771.9759 231.69743 
742.0 217.0 
765.0166 233.8411 
780.4803 244.9878 
760.3756 247.41136 
787.9946 262.01477 
751.7451 266.15353 
742.0 217.0 
752.99023 282.0402 
788.17377 273.53232 
778.18024 277.463 
812.33386 262.35672 
742.0 217.0 
818.2381 282.45392 
742.0 217.0 
191.0 294.0 
191.0 294.0 
191.0 294.0 
191.0 294.0 
191.0 294.0 
191.0 294.0 
280.66 363.9572 
191.0 294.0 
294.0045 413.93777 
191.0 294.0 
307.47528 447.16498 
215.03966 395.02222 
242.80292 403.7455 
226.46263 426.5932 
254.96706 439.62494 
231.59413 478.6024 
230.45659 472.4084 
447.1189 280.68307 
450.07355 277.96826 
444.59055 276.934 
456.62427 272.68268 
399.0 256.0 
465.1289 287.209 
434.18225 275.23715 
471.2838 312.85425 
413.5409 301.14172 
468.99945 337.74133 
404.53836 321.85416 
451.2872 322.82303 
434.31567 316.643 
399.0 256.0 
411.2276 309.676 
399.0 256.0 
399.0 256.0 
389.7192 335.28067 
394.19366 331.9029 
387.63342 331.10025 
405.3244 333.1704 
299.0 307.0 
415.4121 355.27615 
378.97412 343.57962 
420.9096 380.2782 
351.69662 359.07312 
412.80798 389.1718 
336.79276 371.81384 
396.0537 398.65488 
375.16516 389.87695 
394.02316 406.7017 
352.82196 366.29932 
356.7484 427.95923 
364.37766 408.9804 
772.7997 235.17902 
773.4132 233.37839 
769.5477 233.46297 
742.0 218.0 
762.6394 235.77853 
777.7502 246.50192 
758.0768 249.2941 
786.1829 261.58505 
751.0251 268.4353 
742.0 218.0 
753.7273 284.45108 
787.2318 274.12064 
778.41724 278.20172 
811.10565 263.9328 
810.1744 262.8428 
818.8744 282.589 
818.81976 284.23474 
192.0 294.0 
192.0 294.0 
192.0 294.0 
192.0 294.0 
192.0 294.0 
192.0 294.0 
192.0 294.0 
192.0 294.0 
192.0 294.0 
192.0 294.0 
192.0 294.0 
215.08348 397.56924 
244.20258 406.4334 
226.2504 431.25745 
254.30151 441.64902 
232.43607 476.41895 
232.08081 471.77698 
446.60712 281.88696 
449.885 279.19946 
390.0 257.0 
457.66882 275.6899 
390.0 257.0 
466.89575 286.977 
436.60022 276.53296 
472.76282 314.68826 
418.65372 298.1095 
470.937 340.14346 
390.0 257.0 
453.69943 317.12378 
436.50204 309.98483 
390.0 257.0 
390.0 257.0 
390.0 257.0 
390.0 257.0 
395.30984 333.0262 
399.4658 330.2627 
394.26816 329.09982 
410.44827 331.99792 
292.0 308.0 
419.54407 355.75238 
384.2294 342.8125 
423.13947 381.31113 
356.44232 356.39655 
414.62204 391.38443 
339.8365 366.73346 
395.71677 396.41037 
375.75433 386.3192 
391.2985 404.26434 
351.90027 364.12146 
357.25833 427.34982 
363.4791 409.8407 
193.0 327.0 
193.0 327.0 
193.0 327.0 
193.0 327.0 
193.0 327.0 
193.0 327.0 
193.0 327.0 
193.0 327.0 
193.0 327.0 
193.0 327.0 
193.0 327.0 
214.45726 404.7557 
241.51996 413.36575 
226.69542 434.2683 
254.05376 443.92822 
231.82964 475.8697 
230.41837 473.77448 
448.68936 283.53693 
452.07028 281.30475 
391.0 258.0 
460.08673 277.64798 
391.0 258.0 
469.03534 289.29346 
438.28915 276.6088 
474.86395 316.28488 
418.93417 298.27493 
473.7846 341.91827 
391.0 258.0 
451.11414 316.22638 
434.75168 308.51535 
391.0 258.0 
391.0 258.0 
391.0 258.0 
391.0 258.0 
769.84094 236.55052 
770.0779 234.90572 
766.82544 234.75853 
741.0 227.0 
760.6538 237.09189 
774.8014 248.28088 
756.5752 249.99207 
783.8167 262.77383 
751.0169 267.70984 
741.0 227.0 
752.2897 280.48102 
784.1191 273.5595 
774.6859 277.00226 
808.62885 263.46533 
741.0 227.0 
818.1208 282.6645 
741.0 227.0 
399.72714 331.83566 
404.3522 329.21353 
398.5404 327.625 
414.77515 332.39508 
305.0 316.0 
422.9299 355.99057 
387.18646 342.76337 
424.88434 383.85248 
358.26215 357.32086 
416.9618 393.70535 
340.15137 366.15387 
395.28546 396.66516 
373.82257 385.94617 
386.6633 404.929 
351.89926 367.92377 
352.30646 426.68182 
360.44708 410.45132 
194.0 337.0 
194.0 337.0 
194.0 337.0 
194.0 337.0 
194.0 337.0 
244.69566 351.70557 
282.9762 377.41003 
206.92097 375.16833 
295.46484 429.1628 
194.0 337.0 
309.7548 456.6144 
216.16397 406.82642 
245.2027 418.62457 
229.30034 441.88177 
253.89261 445.8643 
235.21664 477.72092 
227.93709 474.39978 
450.91296 285.22556 
454.79858 283.33572 
394.0 260.0 
462.38712 279.034 
394.0 260.0 
471.644 289.6529 
440.88055 276.04688 
477.34528 315.52417 
421.31165 295.28592 
478.2067 340.81427 
394.0 260.0 
452.33676 318.75018 
435.61115 309.6809 
394.0 260.0 
394.0 260.0 
394.0 260.0 
394.0 260.0 
766.50244 238.9044 
767.2264 237.02415 
763.7566 237.19113 
740.0 228.0 
757.7931 240.15523 
772.3639 251.11327 
753.7003 252.0654 
783.2491 264.20392 
748.1537 269.27652 
740.0 228.0 
740.0 228.0 
782.85626 275.5186 
771.88525 278.9774 
740.0 228.0 
740.0 228.0 
740.0 228.0 
740.0 228.0 
403.33734 331.97214 
408.27386 329.4753 
402.14435 327.55832 
418.47772 334.05164 
307.0 316.0 
424.38654 357.47934 
390.35208 343.38162 
425.44513 386.52856 
361.8249 356.8835 
417.61368 395.60135 
343.8282 364.79584 
395.83463 396.33844 
374.16516 386.5976 
386.06384 401.4731 
351.11636 369.07837 
355.84634 424.34918 
357.44382 414.06305 
194.0 339.0 
194.0 339.0 
194.0 339.0 
194.0 339.0 
194.0 339.0 
248.23212 356.28445 
283.8412 381.0759 
208.51938 377.49963 
297.036 433.84778 
194.0 339.0 
312.32123 461.34503 
217.07692 409.54355 
243.60675 420.69214 
228.1418 440.29675 
254.267 446.50827 
232.70847 476.6549 
230.39977 473.49768 
398.0 260.0 
456.87683 284.3499 
398.0 260.0 
465.14798 280.1577 
398.0 260.0 
473.08917 291.8828 
441.99234 277.7376 
479.82745 317.7671 
420.58878 297.41785 
482.5394 341.86545 
410.04733 318.35306 
448.58783 328.6154 
430.55347 319.607 
398.0 260.0 
398.0 260.0 
398.0 260.0 
398.0 260.0 
740.0 229.0 
740.0 229.0 
740.0 229.0 
740.0 229.0 
740.0 229.0 
751.77277 254.93134 
770.185 253.41771 
748.8625 272.2098 
784.623 266.80258 
740.0 229.0 
740.0 229.0 
768.9122 280.17105 
782.8153 276.92664 
740.0 229.0 
810.1613 264.05502 
740.0 229.0 
818.44147 281.01797 
407.1195 333.3835 
411.80493 330.8359 
405.7518 329.29352 
421.45087 335.2161 
308.0 315.0 
426.07132 359.3121 
392.0299 344.77466 
426.6916 388.29343 
365.67532 358.11697 
417.5517 397.12256 
346.13052 364.89642 
396.42804 396.08734 
376.51224 387.69714 
384.71307 402.52988 
349.832 369.91602 
351.96732 426.08264 
354.46094 412.6878 
195.0 340.0 
195.0 340.0 
195.0 340.0 
195.0 340.0 
195.0 340.0 
248.18529 360.65598 
283.83392 384.14175 
209.74242 380.03397 
296.30884 433.12152 
195.0 340.0 
311.5451 461.64374 
218.92526 412.21198 
246.91043 422.97894 
230.70186 447.922 
252.44342 449.11523 
232.23508 484.77258 
230.12595 474.7987 
401.0 262.0 
401.0 262.0 
401.0 262.0 
467.74377 281.82877 
401.0 262.0 
474.71295 293.86682 
443.97104 278.22537 
481.97443 318.34372 
421.20074 297.0241 
486.5357 344.16776 
411.06863 311.9865 
450.2322 327.69556 
432.45074 316.20306 
401.0 262.0 
401.0 262.0 
401.0 262.0 
401.0 262.0 
739.0 229.0 
739.0 229.0 
739.0 229.0 
739.0 229.0 
739.0 229.0 
739.0 229.0 
770.1741 254.67537 
739.0 229.0 
785.77997 267.0844 
739.0 229.0 
739.0 229.0 
739.0 229.0 
782.78455 276.6419 
739.0 229.0 
807.705 263.09225 
739.0 229.0 
817.62695 278.85788 
409.54724 333.59662 
414.71576 331.97525 
408.71448 329.86572 
424.46747 337.69577 
299.0 315.0 
427.1385 360.9541 
393.01044 347.60596 
426.35474 390.2176 
369.71313 359.4682 
415.8366 397.63443 
349.46155 364.64578 
397.86838 396.69504 
376.84833 385.66022 
381.76605 400.46396 
349.84735 371.63785 
353.21732 424.89484 
351.8505 412.62518 
196.0 343.0 
196.0 343.0 
196.0 343.0 
196.0 343.0 
196.0 343.0 
250.43507 363.40964 
285.2796 385.42865 
219.02507 372.78757 
295.00818 433.90488 
196.0 343.0 
313.0952 466.50897 
220.82356 413.93286 
247.54105 424.39856 
231.48224 448.68726 
252.96292 450.39374 
232.06366 483.17978 
232.39685 475.27652 
404.0 264.0 
404.0 264.0 
404.0 264.0 
470.2882 285.34988 
404.0 264.0 
476.86313 296.96805 
449.07407 278.00372 
484.079 322.89026 
430.7352 288.86246 
490.01755 348.9511 
413.42242 305.012 
449.58826 324.1687 
434.76047 313.02954 
404.0 264.0 
404.0 264.0 
404.0 264.0 
404.0 264.0 
412.61407 335.86618 
417.66998 334.13272 
411.62506 332.3255 
426.2143 339.30414 
298.0 324.0 
428.36804 363.90735 
395.29486 350.1338 
426.7347 392.3898 
373.55457 363.328 
415.13614 398.84253 
352.19812 366.48532 
399.80402 396.46436 
379.45694 385.07623 
377.79364 401.66092 
352.38113 371.93356 
352.4577 425.526 
346.64355 413.11957 
405.0 265.0 
405.0 265.0 
405.0 265.0 
474.01553 288.26132 
405.0 265.0 
478.99075 300.24826 
451.38095 279.91223 
486.39832 326.6888 
431.19366 289.83755 
491.82486 352.2644 
416.16446 303.7706 
453.16864 322.195 
436.8698 311.93573 
405.0 265.0 
405.0 265.0 
405.0 265.0 
405.0 265.0 
197.0 343.0 
197.0 343.0 
197.0 343.0 
197.0 343.0 
197.0 343.0 
251.0101 366.48053 
285.943 386.53867 
211.86093 385.36923 
295.04706 436.3506 
197.0 343.0 
313.0139 470.74127 
223.20189 421.60336 
251.16345 431.3677 
197.0 343.0 
253.29935 451.30496 
197.0 343.0 
233.34094 475.0849 
415.01224 337.9857 
420.253 336.80304 
414.15466 334.82172 
427.68484 344.0851 
314.0 326.0 
429.32574 364.80795 
396.28577 352.06467 
426.82645 393.46555 
373.91898 364.63397 
414.53302 400.72983 
356.05295 366.93472 
400.14355 394.93402 
378.84027 384.24326 
376.30063 402.80933 
353.10336 373.08783 
350.82288 426.91248 
343.81967 413.0215 
406.0 265.0 
406.0 265.0 
406.0 265.0 
476.86536 290.48267 
406.0 265.0 
481.14465 302.13818 
456.26105 282.24817 
487.29507 328.21704 
434.97446 288.8473 
491.95123 352.06366 
417.96777 302.01535 
458.55103 319.13593 
445.18182 307.91443 
406.0 265.0 
424.2227 314.08783 
406.0 265.0 
406.0 265.0 
417.60574 341.47485 
422.53772 340.1389 
416.81775 338.67624 
431.0883 346.2366 
297.0 329.0 
431.508 369.0014 
398.60187 354.9182 
426.17676 394.28827 
376.72852 367.31512 
414.39896 401.25037 
358.9299 368.15192 
400.29645 396.4641 
378.40417 385.01828 
374.63354 402.88132 
350.67447 376.466 
347.39444 427.3479 
340.1525 414.5507 
198.0 353.0 
198.0 353.0 
198.0 353.0 
198.0 353.0 
198.0 353.0 
252.56775 367.28427 
287.37143 395.08713 
221.48492 376.8251 
198.0 353.0 
216.04646 393.08932 
198.0 353.0 
225.06146 422.8122 
253.02779 436.11118 
198.0 353.0 
251.86485 454.21866 
198.0 353.0 
234.1331 475.28024 
199.0 354.0 
199.0 354.0 
199.0 354.0 
199.0 354.0 
199.0 354.0 
258.02664 372.855 
289.556 398.2599 
219.10773 380.67947 
294.3512 437.60992 
219.85886 393.58212 
309.45267 472.76764 
230.7955 427.65448 
256.43414 440.7025 
223.98285 429.5302 
257.01376 450.01862 
199.0 354.0 
237.25043 474.95105 
407.0 266.0 
407.0 266.0 
407.0 266.0 
480.05502 294.05188 
407.0 266.0 
484.21582 302.89813 
460.08197 282.4755 
488.77063 328.4688 
440.14548 287.0999 
492.09726 351.81418 
422.40964 298.9221 
463.99518 317.09775 
451.95 306.50656 
444.77167 335.37845 
426.15927 313.2486 
407.0 266.0 
407.0 266.0 
420.01312 345.77682 
425.14343 344.43964 
419.7193 342.7875 
434.34372 350.40527 
297.0 331.0 
432.6328 373.68448 
400.76868 357.82938 
426.7947 398.82886 
376.84933 370.67947 
413.08142 403.49658 
360.4596 370.42505 
399.76187 398.90848 
379.3401 387.06067 
374.53293 403.24304 
351.65906 378.42163 
346.81284 423.23654 
337.67313 412.2936 
208.0 355.0 
208.0 355.0 
208.0 355.0 
208.0 355.0 
208.0 355.0 
262.54883 375.33514 
292.1516 396.32468 
218.13751 384.65527 
291.44916 435.1045 
208.0 355.0 
208.0 355.0 
238.18202 428.44562 
263.11655 442.63928 
222.1091 424.89325 
254.03122 453.414 
208.0 355.0 
238.84924 476.59827 
408.0 266.0 
408.0 266.0 
408.0 266.0 
408.0 266.0 
408.0 266.0 
489.01575 298.67987 
461.25934 281.86057 
492.22498 326.46375 
437.74344 289.08435 
492.8058 351.9898 
421.23367 303.24097 
468.3177 314.45544 
454.2544 303.97833 
408.0 266.0 
427.1205 313.6764 
408.0 266.0 
408.0 266.0 
421.4909 349.65366 
426.91708 348.42496 
420.778 346.2849 
435.0429 354.41107 
298.0 332.0 
433.37408 375.8459 
401.79007 361.8979 
426.61823 402.15887 
378.3584 373.3406 
412.767 404.65344 
298.0 332.0 
400.32025 396.3828 
381.8289 386.8606 
375.43488 400.4738 
354.38766 380.00522 
345.1238 421.052 
337.2783 411.19672 
410.0 267.0 
410.0 267.0 
410.0 267.0 
410.0 267.0 
410.0 267.0 
491.65005 302.34262 
464.17728 283.30475 
492.9129 326.91507 
444.93832 286.77942 
492.12253 352.56525 
428.19955 298.30997 
469.86365 318.75034 
456.67743 307.0663 
410.0 267.0 
427.36008 315.01782 
410.0 267.0 
432.86087 339.98114 
208.0 357.0 
208.0 357.0 
208.0 357.0 
208.0 357.0 
208.0 357.0 
265.40805 376.65347 
293.10574 400.85248 
224.00948 382.28128 
294.23196 436.54376 
208.0 357.0 
208.0 357.0 
243.52295 438.7365 
264.18872 450.1658 
222.0543 422.31854 
208.0 357.0 
234.81122 473.22122 
208.0 357.0 
422.57108 354.16574 
427.69757 353.07782 
422.36197 351.54956 
437.65067 359.3158 
299.0 341.0 
435.3067 379.5548 
404.5134 364.83414 
426.83942 402.631 
382.3213 376.16028 
413.02133 404.3036 
299.0 341.0 
400.13818 395.96115 
384.30646 385.84647 
374.07944 399.0387 
353.90173 383.89453 
343.61765 419.85767 
336.63596 411.7763 
413.0 267.0 
413.0 267.0 
413.0 267.0 
413.0 267.0 
413.0 267.0 
491.39642 304.9892 
464.5056 284.63977 
493.33102 330.24164 
442.67667 288.94656 
491.81763 351.8076 
427.26562 305.56387 
468.7326 322.2746 
455.9442 311.301 
413.0 267.0 
430.5394 317.66855 
413.0 267.0 
413.0 267.0 
209.0 358.0 
209.0 358.0 
209.0 358.0 
209.0 358.0 
209.0 358.0 
268.13147 379.5929 
295.81482 401.6513 
226.31175 382.89307 
297.07034 438.47345 
227.51888 385.1798 
307.83087 472.71124 
249.6784 445.28857 
269.7605 456.70508 
221.438 422.22726 
209.0 358.0 
236.65767 471.52567 
209.0 358.0 
436.58487 368.27994 
439.1059 366.6407 
434.49292 365.0064 
303.0 342.0 
425.07776 361.8711 
436.08032 385.93155 
405.56577 368.50876 
428.4851 404.0552 
384.93378 375.67535 
414.23016 406.17422 
303.0 342.0 
401.19867 396.18283 
387.13904 386.58243 
374.28186 400.464 
356.14523 384.82938 
345.24295 416.78992 
338.13614 404.04843 
416.0 267.0 
416.0 267.0 
416.0 267.0 
416.0 267.0 
416.0 267.0 
493.21268 305.03207 
466.683 284.33746 
494.34924 330.03387 
445.06287 290.6553 
492.92007 352.2259 
432.35425 308.25986 
469.71497 324.8562 
453.95197 313.0697 
448.79535 344.70883 
416.0 267.0 
416.0 267.0 
416.0 267.0 
426.31842 361.9626 
431.12515 361.21985 
425.78033 358.8101 
439.1919 366.268 
303.0 351.0 
435.38406 384.6762 
411.3458 370.67014 
430.56174 403.33548 
303.0 351.0 
414.41235 405.86133 
303.0 351.0 
398.3839 395.54977 
386.19464 384.6511 
374.58063 398.51166 
354.55838 385.32935 
342.47827 415.4375 
336.15698 407.8988 
210.0 357.0 
210.0 357.0 
210.0 357.0 
210.0 357.0 
210.0 357.0 
268.71213 380.96432 
299.01245 398.66278 
227.6069 384.63336 
300.72318 435.46655 
210.0 357.0 
307.4615 470.92072 
254.0026 447.9151 
277.2338 457.78418 
222.36978 422.99423 
210.0 357.0 
239.32541 471.52975 
210.0 357.0 
419.0 267.0 
419.0 267.0 
419.0 267.0 
419.0 267.0 
419.0 267.0 
494.40442 304.25287 
466.8328 285.958 
495.5228 329.67694 
446.5386 294.41467 
492.19534 351.9392 
437.34686 310.10428 
473.55264 328.67203 
459.54642 317.06067 
447.22336 346.3476 
419.0 267.0 
419.0 267.0 
419.0 267.0 
305.0 352.0 
305.0 352.0 
305.0 352.0 
305.0 352.0 
305.0 352.0 
436.06836 385.21875 
410.67758 369.17944 
430.5808 402.72504 
305.0 352.0 
416.18195 404.10614 
305.0 352.0 
399.53036 395.40894 
386.08655 384.99466 
375.97363 397.99817 
355.79846 386.59473 
343.2812 414.6285 
336.7535 407.36432 
210.0 357.0 
210.0 357.0 
210.0 357.0 
210.0 357.0 
210.0 357.0 
268.55746 381.57016 
300.58902 397.24652 
227.55695 385.1288 
210.0 357.0 
210.0 357.0 
210.0 357.0 
257.7162 450.78842 
281.02386 460.89194 
221.77765 424.75262 
210.0 357.0 
241.00687 472.42688 
210.0 357.0 
420.0 267.0 
420.0 267.0 
420.0 267.0 
420.0 267.0 
420.0 267.0 
494.93536 304.1235 
467.3144 287.0868 
495.9655 330.3123 
449.43634 298.56824 
492.4014 352.51984 
443.21817 314.45557 
474.3041 333.9256 
457.98575 322.51038 
420.0 267.0 
420.0 267.0 
420.0 267.0 
420.0 267.0 
211.0 358.0 
211.0 358.0 
211.0 358.0 
211.0 358.0 
211.0 358.0 
268.47464 382.71338 
303.5051 401.17136 
228.59093 390.5337 
211.0 358.0 
211.0 358.0 
211.0 358.0 
259.12775 450.64236 
283.2717 462.9241 
222.08928 423.9168 
211.0 358.0 
242.11249 474.17432 
211.0 358.0 
306.0 353.0 
306.0 353.0 
306.0 353.0 
306.0 353.0 
306.0 353.0 
435.91406 386.88998 
413.36282 370.7256 
429.50592 402.9337 
306.0 353.0 
416.7801 403.6684 
306.0 353.0 
400.49023 394.3801 
388.02954 384.46146 
382.87106 398.0457 
359.1358 387.75867 
343.1515 413.06006 
337.98306 405.67337 
417.0 268.0 
417.0 268.0 
417.0 268.0 
417.0 268.0 
417.0 268.0 
497.2882 303.9336 
467.22116 287.14288 
496.70667 332.41034 
452.26605 301.69012 
492.68948 353.9035 
449.2232 317.63718 
473.0705 335.94388 
457.53885 324.81378 
417.0 268.0 
417.0 268.0 
417.0 268.0 
417.0 268.0 
211.0 359.0 
211.0 359.0 
211.0 359.0 
211.0 359.0 
211.0 359.0 
268.77747 385.5309 
304.83835 398.75092 
233.79178 396.53876 
211.0 359.0 
211.0 359.0 
211.0 359.0 
261.61588 450.79462 
287.2086 462.06015 
225.65352 424.33142 
211.0 359.0 
242.19421 475.76154 
211.0 359.0 
309.0 351.0 
309.0 351.0 
309.0 351.0 
440.319 372.21014 
309.0 351.0 
437.07468 386.6704 
413.25256 369.64908 
428.44147 403.49277 
309.0 351.0 
415.49084 404.6737 
309.0 351.0 
402.17984 398.2535 
387.59128 385.63913 
378.88016 398.7359 
309.0 351.0 
343.19324 410.35486 
309.0 351.0 
213.0 359.0 
213.0 359.0 
213.0 359.0 
281.6183 375.07404 
213.0 359.0 
270.5367 387.94492 
306.71378 397.98157 
236.34612 398.03656 
213.0 359.0 
213.0 359.0 
213.0 359.0 
267.00925 454.5627 
291.35602 462.80386 
227.9083 424.38065 
213.0 359.0 
243.04959 477.2402 
213.0 359.0 
420.0 269.0 
420.0 269.0 
420.0 269.0 
420.0 269.0 
420.0 269.0 
498.71735 303.40607 
468.40692 289.53174 
497.999 331.91446 
454.48627 305.24387 
492.74033 353.43478 
454.80164 321.768 
480.0876 334.1999 
463.06442 325.4393 
420.0 269.0 
437.84088 328.03076 
420.0 269.0 
420.0 269.0 
309.0 354.0 
309.0 354.0 
309.0 354.0 
440.1856 371.7667 
309.0 354.0 
435.56534 385.21268 
413.9298 368.07483 
430.0896 402.1549 
309.0 354.0 
416.69476 403.96478 
309.0 354.0 
398.69305 395.75507 
386.60068 385.34525 
378.2917 399.22855 
358.86273 393.37598 
343.42563 413.8369 
309.0 354.0 
214.0 358.0 
214.0 358.0 
214.0 358.0 
214.0 358.0 
214.0 358.0 
271.05414 390.7343 
310.83768 400.10175 
237.15479 402.5228 
214.0 358.0 
214.0 358.0 
214.0 358.0 
271.38336 461.14948 
296.9665 468.45245 
231.25713 424.9823 
214.0 358.0 
241.52313 476.104 
214.0 358.0 
428.11703 362.88272 
433.80786 363.7665 
428.12183 360.30786 
439.32532 371.8404 
317.0 354.0 
436.3413 385.33215 
411.24017 369.45163 
429.18375 402.60727 
317.0 354.0 
415.78284 404.01028 
317.0 354.0 
400.02286 395.73236 
385.4156 386.12708 
378.77234 399.39752 
363.8487 391.41772 
345.0524 417.71802 
339.72617 411.66592 
418.0 270.0 
418.0 270.0 
418.0 270.0 
492.34863 294.89832 
476.83514 290.88046 
499.2579 303.26053 
468.6752 291.12015 
499.49564 330.0068 
456.002 310.75354 
494.01486 353.33304 
459.9916 327.2346 
485.9089 334.92307 
465.6893 327.20255 
418.0 270.0 
437.50958 332.27036 
418.0 270.0 
418.0 270.0 
215.0 358.0 
215.0 358.0 
215.0 358.0 
215.0 358.0 
215.0 358.0 
276.5149 390.36526 
314.30997 399.16196 
240.85898 407.30234 
215.0 358.0 
215.0 358.0 
215.0 358.0 
272.6489 462.4417 
301.27527 471.53265 
233.33232 425.77753 
215.0 358.0 
240.39653 476.6375 
215.0 358.0 
427.3162 365.023 
432.93002 366.29593 
427.90933 361.73682 
438.27725 372.95132 
318.0 357.0 
435.55878 386.31924 
412.1932 370.04843 
428.97717 402.54694 
318.0 357.0 
414.74506 406.22015 
318.0 357.0 
398.73932 395.65103 
385.46378 386.06232 
380.40717 401.32935 
318.0 357.0 
342.9534 422.2122 
318.0 357.0 
418.0 270.0 
418.0 270.0 
418.0 270.0 
418.0 270.0 
418.0 270.0 
501.61252 302.61496 
470.51404 292.40558 
499.97168 330.04102 
458.42072 315.98065 
494.37738 352.56256 
466.03088 332.57587 
484.9347 338.08563 
464.11563 331.60965 
418.0 270.0 
437.81793 335.23923 
418.0 270.0 
418.0 270.0 
217.0 358.0 
217.0 358.0 
217.0 358.0 
217.0 358.0 
308.11017 383.42072 
278.23962 390.60068 
315.81152 399.12668 
242.8311 412.0788 
217.0 358.0 
217.0 358.0 
217.0 358.0 
278.12915 465.29413 
303.27924 471.58762 
236.32184 426.18546 
217.0 358.0 
237.76169 475.376 
217.0 358.0 
428.1855 363.77203 
433.69717 365.02374 
429.1723 360.932 
438.9284 373.39325 
320.0 350.0 
435.75632 385.18213 
409.87125 369.6368 
429.6728 402.96268 
320.0 350.0 
416.32623 406.57336 
320.0 350.0 
399.8357 397.86847 
383.8445 386.52502 
378.37875 402.80927 
361.2116 395.3406 
343.09354 426.9181 
320.0 350.0 
486.25006 301.84732 
489.98077 299.60474 
484.2307 298.30005 
418.0 271.0 
479.4091 291.89713 
501.7327 298.8946 
471.39813 294.09625 
501.59164 328.82956 
461.4601 320.41757 
494.90134 350.22336 
471.7813 337.00055 
489.88724 338.1263 
470.40216 332.8775 
418.0 271.0 
418.0 271.0 
418.0 271.0 
418.0 271.0 
217.0 359.0 
217.0 359.0 
217.0 359.0 
289.87485 379.21533 
217.0 359.0 
282.01202 391.80524 
319.02826 401.2598 
246.32483 416.0718 
217.0 359.0 
217.0 359.0 
217.0 359.0 
280.79767 466.1704 
303.01285 473.93265 
239.2294 425.9917 
217.0 359.0 
239.29964 475.7129 
217.0 359.0 
427.91388 365.00052 
433.26282 365.5754 
427.7167 362.33926 
437.89874 373.41412 
321.0 358.0 
433.94632 385.9086 
409.77576 369.67532 
429.5747 402.61005 
321.0 358.0 
415.60687 407.2975 
321.0 358.0 
400.32578 397.89444 
383.77704 387.27625 
375.5993 408.29797 
361.63348 397.4953 
344.09256 427.62463 
321.0 358.0 
488.8715 302.0055 
492.0013 299.12567 
486.25027 298.3099 
419.0 279.0 
480.3464 292.99115 
503.1446 301.55005 
472.3399 295.6686 
503.52216 329.52872 
463.9186 321.36038 
419.0 279.0 
476.00592 342.3334 
490.0507 339.55267 
470.5703 336.10233 
419.0 279.0 
419.0 279.0 
419.0 279.0 
419.0 279.0 
218.0 359.0 
218.0 359.0 
218.0 359.0 
218.0 359.0 
218.0 359.0 
284.57474 395.3423 
321.64145 404.0779 
248.20642 421.71802 
218.0 359.0 
218.0 359.0 
218.0 359.0 
281.5321 466.88565 
304.36255 475.48114 
244.18227 425.93036 
218.0 359.0 
240.10138 475.1471 
218.0 359.0 
322.0 358.0 
322.0 358.0 
322.0 358.0 
322.0 358.0 
322.0 358.0 
434.5878 386.7918 
410.72693 370.06458 
428.66534 402.98636 
322.0 358.0 
415.26678 409.66006 
322.0 358.0 
398.26428 396.52502 
385.2966 385.6178 
372.62424 409.452 
360.21692 397.6836 
345.6279 428.7533 
322.0 358.0 
220.0 359.0 
220.0 359.0 
220.0 359.0 
220.0 359.0 
220.0 359.0 
284.8498 397.55356 
324.7325 405.2948 
251.37686 425.47156 
220.0 359.0 
220.0 359.0 
220.0 359.0 
283.56326 471.17053 
307.1307 477.57388 
246.66013 429.3931 
220.0 359.0 
239.83333 477.2658 
220.0 359.0 
323.0 358.0 
323.0 358.0 
323.0 358.0 
323.0 358.0 
323.0 358.0 
434.61145 388.44333 
413.8766 369.84387 
427.50943 402.801 
323.0 358.0 
413.9983 409.8563 
323.0 358.0 
397.19742 396.55225 
384.84952 384.76068 
372.7722 408.27032 
359.46445 397.4128 
348.43582 425.23248 
323.0 358.0 
213.0 368.0 
213.0 368.0 
213.0 368.0 
213.0 368.0 
213.0 368.0 
289.09308 400.46786 
326.37854 404.1817 
255.9835 425.15512 
213.0 368.0 
213.0 368.0 
213.0 368.0 
288.3038 472.95447 
307.94138 480.13647 
250.77791 429.26514 
213.0 368.0 
237.1803 478.139 
213.0 368.0 
492.18265 306.2832 
495.21503 303.1741 
489.61737 302.69473 
501.6856 299.1646 
421.0 281.0 
509.48648 308.85187 
479.2212 301.94357 
509.64633 333.30746 
475.4134 324.95496 
497.77127 349.0503 
485.5536 346.17886 
494.04727 341.0286 
477.16916 332.70963 
421.0 281.0 
421.0 281.0 
421.0 281.0 
421.0 281.0 
324.0 358.0 
324.0 358.0 
324.0 358.0 
324.0 358.0 
324.0 358.0 
435.6655 388.3346 
324.0 358.0 
427.69424 402.73508 
324.0 358.0 
414.0417 409.6694 
324.0 358.0 
400.35562 396.2877 
388.3803 383.28702 
374.25302 406.40277 
324.0 358.0 
345.76962 424.21973 
324.0 358.0 
216.0 370.0 
216.0 370.0 
216.0 370.0 
301.2322 384.18884 
216.0 370.0 
292.88437 403.09015 
332.8054 407.95892 
260.373 427.08307 
216.0 370.0 
216.0 370.0 
216.0 370.0 
290.47552 473.39853 
309.83142 481.8205 
253.38205 430.38345 
216.0 370.0 
239.76376 477.43964 
216.0 370.0 
503.0 203.0 
503.0 203.0 
503.0 203.0 
503.0 203.0 
503.0 203.0 
589.0009 220.29044 
592.91486 238.75003 
503.0 203.0 
503.0 203.0 
503.0 203.0 
503.0 203.0 
554.57837 225.59477 
554.9497 240.9603 
540.2013 212.8867 
503.0 203.0 
515.07947 218.62839 
503.0 203.0 
334.0 358.0 
334.0 358.0 
334.0 358.0 
334.0 358.0 
334.0 358.0 
435.29388 388.58124 
413.34952 370.91113 
428.11932 403.28323 
334.0 358.0 
414.62863 409.8385 
334.0 358.0 
398.62576 396.73535 
387.54053 385.29892 
374.3108 405.40155 
334.0 358.0 
334.0 358.0 
334.0 358.0 
495.5093 308.09174 
498.546 305.10446 
492.22144 304.91254 
504.12155 300.71716 
415.0 283.0 
512.44946 311.11893 
480.5401 304.46463 
512.3564 335.21008 
477.49963 327.01544 
499.5316 350.7032 
489.7039 350.06476 
498.06125 343.9216 
478.92352 334.3056 
415.0 283.0 
459.38736 329.97147 
415.0 283.0 
415.0 283.0 
503.0 202.0 
503.0 202.0 
503.0 202.0 
503.0 202.0 
503.0 202.0 
589.87744 221.38083 
592.47437 238.85721 
503.0 202.0 
503.0 202.0 
503.0 202.0 
503.0 202.0 
555.56805 224.96486 
555.3936 239.33398 
540.94366 211.00926 
503.0 202.0 
516.2767 217.79318 
503.0 202.0 
217.0 370.0 
217.0 370.0 
217.0 370.0 
305.08722 386.61914 
217.0 370.0 
295.54486 405.53568 
337.2832 408.9928 
264.7546 428.43805 
217.0 370.0 
217.0 370.0 
217.0 370.0 
295.00156 475.58353 
312.10907 482.1825 
255.39621 430.55887 
217.0 370.0 
239.72682 477.63818 
217.0 370.0 
211.0 355.0 
211.0 355.0 
211.0 355.0 
211.0 355.0 
211.0 355.0 
434.8285 387.2987 
414.1444 370.65497 
429.1452 402.56897 
211.0 355.0 
414.50818 409.50827 
211.0 355.0 
398.93805 398.69882 
385.7827 385.7365 
370.7024 410.27356 
356.69348 401.53635 
344.36 430.82782 
211.0 355.0 
211.0 371.0 
211.0 371.0 
211.0 371.0 
211.0 371.0 
211.0 371.0 
305.21414 408.57413 
342.4243 410.0477 
266.9558 429.34186 
211.0 371.0 
211.0 371.0 
211.0 371.0 
296.88214 474.45825 
313.1067 481.95953 
257.4929 430.0177 
211.0 371.0 
239.84894 476.86588 
211.0 371.0 
504.0 201.0 
504.0 201.0 
504.0 201.0 
504.0 201.0 
504.0 201.0 
587.79205 221.8146 
590.11096 241.88876 
504.0 201.0 
504.0 201.0 
504.0 201.0 
504.0 201.0 
552.4091 225.94656 
553.81604 241.58698 
542.58716 209.15865 
504.0 201.0 
515.66345 214.96506 
504.0 201.0 
211.0 357.0 
211.0 357.0 
211.0 357.0 
211.0 357.0 
211.0 357.0 
297.81833 406.1561 
345.33664 414.3121 
211.0 357.0 
211.0 357.0 
211.0 357.0 
211.0 357.0 
290.59222 472.62897 
310.51672 484.2964 
255.72058 430.2375 
211.0 357.0 
240.38464 476.87286 
211.0 357.0 
214.0 372.0 
214.0 372.0 
214.0 372.0 
214.0 372.0 
214.0 372.0 
310.61133 409.56427 
349.30835 413.77264 
271.7371 429.4927 
214.0 372.0 
214.0 372.0 
214.0 372.0 
298.0234 473.1913 
313.57138 481.20734 
259.7401 429.44696 
214.0 372.0 
236.2451 476.93906 
214.0 372.0 
211.0 356.0 
211.0 356.0 
211.0 356.0 
211.0 356.0 
211.0 356.0 
304.05664 406.1488 
351.9007 416.90356 
211.0 356.0 
211.0 356.0 
211.0 356.0 
211.0 356.0 
294.40308 469.5452 
312.75714 483.25998 
259.70538 430.48605 
211.0 356.0 
243.05327 475.0488 
211.0 356.0 
209.0 357.0 
209.0 357.0 
209.0 357.0 
209.0 357.0 
209.0 357.0 
318.44818 410.26163 
357.0052 416.44824 
209.0 357.0 
209.0 357.0 
209.0 357.0 
209.0 357.0 
297.15442 471.80814 
311.1601 482.04138 
260.19455 428.7328 
209.0 357.0 
233.74132 475.5603 
209.0 357.0 
208.0 359.0 
208.0 359.0 
208.0 359.0 
208.0 359.0 
208.0 359.0 
326.17578 414.86792 
360.38684 419.55844 
208.0 359.0 
208.0 359.0 
208.0 359.0 
208.0 359.0 
297.8083 471.04718 
308.76517 482.55692 
261.89917 429.74988 
208.0 359.0 
231.12796 473.30423 
208.0 359.0 
206.0 360.0 
206.0 360.0 
206.0 360.0 
206.0 360.0 
206.0 360.0 
330.733 419.27274 
206.0 360.0 
206.0 360.0 
206.0 360.0 
206.0 360.0 
206.0 360.0 
301.73218 470.86353 
309.3028 480.87628 
263.8732 431.3252 
206.0 360.0 
228.00943 471.75992 
206.0 360.0 
197.0 361.0 
197.0 361.0 
197.0 361.0 
197.0 361.0 
197.0 361.0 
197.0 361.0 
197.0 361.0 
197.0 361.0 
197.0 361.0 
197.0 361.0 
197.0 361.0 
305.56378 472.0024 
308.5978 479.0428 
263.19986 431.82922 
197.0 361.0 
226.7569 470.14444 
197.0 361.0 
179.0 360.0 
179.0 360.0 
179.0 360.0 
179.0 360.0 
179.0 360.0 
179.0 360.0 
179.0 360.0 
179.0 360.0 
179.0 360.0 
179.0 360.0 
179.0 360.0 
307.5219 470.18762 
315.6446 487.54718 
263.9654 433.52478 
179.0 360.0 
225.56775 465.60904 
179.0 360.0 
180.0 360.0 
180.0 360.0 
180.0 360.0 
180.0 360.0 
180.0 360.0 
343.3765 428.2635 
180.0 360.0 
306.53342 432.25787 
180.0 360.0 
294.62546 420.7516 
180.0 360.0 
308.09552 471.56244 
320.79242 487.8817 
263.83273 436.77826 
180.0 360.0 
221.19858 465.2463 
180.0 360.0 
191.0 360.0 
191.0 360.0 
191.0 360.0 
191.0 360.0 
191.0 360.0 
191.0 360.0 
191.0 360.0 
191.0 360.0 
191.0 360.0 
191.0 360.0 
191.0 360.0 
311.05356 471.26462 
316.65646 488.05945 
265.16135 436.58557 
262.94568 457.4726 
216.10347 459.45877 
227.92764 489.31802 
189.0 360.0 
189.0 360.0 
189.0 360.0 
189.0 360.0 
189.0 360.0 
350.92047 433.44427 
189.0 360.0 
314.2671 426.984 
189.0 360.0 
189.0 360.0 
189.0 360.0 
315.2313 471.71405 
321.16492 486.3759 
267.94705 434.9557 
265.74814 456.52713 
219.81876 451.00336 
225.96486 485.97058 
189.0 359.0 
189.0 359.0 
189.0 359.0 
189.0 359.0 
189.0 359.0 
189.0 359.0 
189.0 359.0 
189.0 359.0 
189.0 359.0 
189.0 359.0 
189.0 359.0 
317.18762 469.94052 
319.7757 487.8996 
269.71936 434.5221 
266.77576 455.62323 
219.25116 448.14108 
223.08098 483.55344 
188.0 359.0 
188.0 359.0 
188.0 359.0 
188.0 359.0 
188.0 359.0 
188.0 359.0 
188.0 359.0 
188.0 359.0 
188.0 359.0 
188.0 359.0 
188.0 359.0 
313.40115 468.90692 
315.2205 483.50577 
273.15082 432.98013 
263.862 457.89304 
218.71945 445.3469 
219.82567 483.2551 
416.0 298.0 
416.0 298.0 
416.0 298.0 
416.0 298.0 
416.0 298.0 
416.0 298.0 
524.99817 323.6302 
416.0 298.0 
416.0 298.0 
416.0 298.0 
416.0 298.0 
494.13275 339.7059 
490.7581 326.25586 
416.0 298.0 
462.58148 315.69812 
416.0 298.0 
437.2346 309.79672 
189.0 359.0 
189.0 359.0 
189.0 359.0 
189.0 359.0 
189.0 359.0 
368.3623 450.019 
391.13156 476.01828 
334.67084 434.0598 
189.0 359.0 
189.0 359.0 
189.0 359.0 
315.4552 471.89594 
318.8184 484.50916 
275.11447 430.3123 
265.03043 457.50986 
221.09068 441.99524 
221.46347 481.37543 
419.0 297.0 
419.0 297.0 
419.0 297.0 
419.0 297.0 
419.0 297.0 
538.20935 346.82477 
527.9884 322.4194 
419.0 297.0 
506.609 328.1159 
419.0 297.0 
419.0 297.0 
494.20685 342.82794 
493.09686 325.1121 
419.0 297.0 
465.85068 316.27942 
419.0 297.0 
442.0086 307.64136 
180.0 359.0 
180.0 359.0 
180.0 359.0 
180.0 359.0 
180.0 359.0 
376.00266 450.7311 
393.63867 478.44543 
335.73065 433.48434 
180.0 359.0 
180.0 359.0 
180.0 359.0 
317.22943 474.09122 
318.46252 486.6007 
278.18768 429.00256 
264.44568 456.66623 
222.06995 436.7212 
221.76277 479.0846 
421.0 297.0 
421.0 297.0 
421.0 297.0 
421.0 297.0 
421.0 297.0 
421.0 297.0 
528.82025 324.781 
421.0 297.0 
421.0 297.0 
421.0 297.0 
421.0 297.0 
494.85788 346.8131 
494.54733 328.20935 
463.41025 348.02124 
468.5885 317.8418 
421.0 297.0 
447.35992 304.84662 
180.0 358.0 
180.0 358.0 
180.0 358.0 
180.0 358.0 
180.0 358.0 
379.25864 449.98297 
392.8839 481.63873 
340.92374 432.75513 
180.0 358.0 
180.0 358.0 
180.0 358.0 
317.90875 474.544 
318.76862 487.78796 
281.3327 426.70505 
262.87762 455.40344 
226.40135 433.3497 
222.3596 477.52853 
422.0 297.0 
422.0 297.0 
422.0 297.0 
422.0 297.0 
422.0 297.0 
538.91125 347.14545 
530.2412 323.42035 
422.0 297.0 
422.0 297.0 
422.0 297.0 
422.0 297.0 
496.92398 346.239 
495.71524 327.0483 
466.0824 347.38937 
468.8285 315.72668 
422.0 297.0 
449.6767 303.81705 
423.0 288.0 
423.0 288.0 
423.0 288.0 
423.0 288.0 
423.0 288.0 
539.4969 351.44025 
532.05426 322.98938 
517.3069 357.73303 
423.0 288.0 
423.0 288.0 
423.0 288.0 
496.96017 345.09827 
498.03143 326.6635 
465.51965 347.85477 
471.2653 319.98386 
423.0 288.0 
454.8617 305.54755 
188.0 358.0 
188.0 358.0 
188.0 358.0 
188.0 358.0 
188.0 358.0 
380.41937 449.07498 
395.42932 481.3453 
343.0575 437.02847 
188.0 358.0 
188.0 358.0 
188.0 358.0 
315.849 470.82843 
319.42935 486.5407 
285.88614 425.39752 
264.46555 456.642 
229.93033 429.61615 
223.48683 476.15594 
423.0 296.0 
423.0 296.0 
423.0 296.0 
423.0 296.0 
544.055 328.69052 
540.3548 347.79037 
532.1855 323.3939 
423.0 296.0 
507.50717 327.1531 
423.0 296.0 
496.02814 342.31937 
497.82202 346.65164 
495.12137 329.64786 
423.0 296.0 
472.6735 320.49673 
423.0 296.0 
456.9912 305.6414 
189.0 358.0 
189.0 358.0 
189.0 358.0 
189.0 358.0 
189.0 358.0 
382.62628 453.18054 
397.23865 481.94342 
345.45837 439.3793 
189.0 358.0 
189.0 358.0 
189.0 358.0 
315.61734 469.84778 
319.4399 485.17935 
288.2954 423.2215 
265.15808 456.41672 
234.48955 430.05356 
219.59184 475.69772 
186.0 406.0 
186.0 406.0 
186.0 406.0 
186.0 406.0 
186.0 406.0 
381.11755 450.43625 
394.91025 482.0039 
344.54297 437.04376 
186.0 406.0 
186.0 406.0 
186.0 406.0 
315.1568 470.84595 
317.31052 483.18692 
291.43015 421.49182 
266.53674 457.54315 
238.03168 428.518 
219.71677 480.80646 
423.0 299.0 
423.0 299.0 
423.0 299.0 
423.0 299.0 
423.0 299.0 
540.3437 350.32806 
534.05505 321.94336 
423.0 299.0 
509.3833 325.4337 
423.0 299.0 
493.8105 342.12244 
494.95197 347.05283 
494.63562 328.7072 
463.35675 348.74557 
471.95828 322.72516 
439.78903 342.69965 
457.72922 307.87967 
185.0 406.0 
185.0 406.0 
185.0 406.0 
185.0 406.0 
185.0 406.0 
382.25696 450.30243 
394.1352 481.50192 
347.8686 438.61578 
185.0 406.0 
185.0 406.0 
185.0 406.0 
317.00803 467.88873 
320.2598 482.47586 
293.81934 420.92477 
266.38104 458.54184 
241.22946 429.04666 
222.98508 483.31433 
423.0 300.0 
423.0 300.0 
423.0 300.0 
423.0 300.0 
423.0 300.0 
542.01465 350.28833 
533.90283 322.62073 
423.0 300.0 
509.60016 324.9222 
423.0 300.0 
493.79504 343.01804 
495.8894 347.1604 
494.3439 328.3471 
423.0 300.0 
473.19455 324.65698 
423.0 300.0 
460.81427 314.48038 
187.0 406.0 
187.0 406.0 
187.0 406.0 
187.0 406.0 
187.0 406.0 
383.20062 451.5251 
395.78918 479.3028 
348.6463 440.99182 
187.0 406.0 
187.0 406.0 
187.0 406.0 
318.18298 468.9551 
320.02643 481.38382 
293.06772 421.17587 
267.88373 458.00555 
243.22043 431.16608 
226.27438 485.50153 
186.0 406.0 
186.0 406.0 
186.0 406.0 
186.0 406.0 
186.0 406.0 
381.64575 451.21344 
394.7633 479.02075 
349.68497 441.5654 
186.0 406.0 
186.0 406.0 
186.0 406.0 
319.4923 469.15472 
318.80063 480.91696 
296.0758 420.7975 
267.84375 459.91772 
247.12311 434.0485 
226.96928 484.46805 
185.0 414.0 
185.0 414.0 
185.0 414.0 
185.0 414.0 
185.0 414.0 
380.99237 449.10345 
389.91348 483.36343 
346.84604 436.35907 
185.0 414.0 
185.0 414.0 
185.0 414.0 
322.63306 465.41495 
322.7168 482.44232 
295.6328 421.99164 
266.43558 465.08542 
247.90564 439.15073 
226.90572 485.84586 
166.0 414.0 
166.0 414.0 
166.0 414.0 
166.0 414.0 
166.0 414.0 
381.4992 449.98065 
391.64062 481.95203 
166.0 414.0 
166.0 414.0 
166.0 414.0 
166.0 414.0 
318.23566 466.52762 
318.53528 480.42044 
296.22327 421.31863 
166.0 414.0 
252.11725 441.54184 
166.0 414.0 
176.0 365.0 
176.0 365.0 
176.0 365.0 
176.0 365.0 
176.0 365.0 
379.2761 447.2032 
392.97418 484.39908 
176.0 365.0 
176.0 365.0 
176.0 365.0 
176.0 365.0 
317.83173 464.5227 
321.1247 485.20322 
295.47705 425.14633 
268.4109 467.5677 
253.87802 445.39548 
176.0 365.0 
177.0 365.0 
177.0 365.0 
177.0 365.0 
177.0 365.0 
177.0 365.0 
380.14795 448.27628 
392.50262 483.62 
177.0 365.0 
177.0 365.0 
177.0 365.0 
177.0 365.0 
318.3222 464.39606 
320.99533 484.083 
293.48807 426.8924 
267.24625 471.3525 
254.72368 449.39862 
177.0 365.0 
189.0 365.0 
189.0 365.0 
189.0 365.0 
189.0 365.0 
189.0 365.0 
380.4215 444.403 
392.1435 482.29337 
189.0 365.0 
189.0 365.0 
189.0 365.0 
189.0 365.0 
319.41003 459.3858 
313.9494 480.6223 
289.288 430.08606 
268.2719 474.91647 
256.63934 453.47174 
189.0 365.0 
183.0 415.0 
183.0 415.0 
183.0 415.0 
183.0 415.0 
183.0 415.0 
380.8725 445.464 
389.91852 480.00204 
183.0 415.0 
183.0 415.0 
183.0 415.0 
183.0 415.0 
318.02728 461.23807 
316.5495 481.15436 
285.34686 430.0395 
261.93338 471.74503 
256.1294 456.7775 
183.0 415.0 
179.0 365.0 
179.0 365.0 
179.0 365.0 
179.0 365.0 
179.0 365.0 
376.36096 444.56693 
389.35263 479.68085 
347.41916 435.5927 
179.0 365.0 
179.0 365.0 
179.0 365.0 
310.93408 456.7191 
311.2247 483.58115 
290.90955 431.10815 
179.0 365.0 
179.0 365.0 
179.0 365.0 
188.0 365.0 
188.0 365.0 
188.0 365.0 
188.0 365.0 
188.0 365.0 
379.1025 443.79718 
390.9156 483.02692 
188.0 365.0 
188.0 365.0 
188.0 365.0 
188.0 365.0 
313.3262 462.32404 
313.30548 483.8806 
282.83813 433.88287 
188.0 365.0 
255.13867 457.39343 
188.0 365.0 
192.0 365.0 
192.0 365.0 
192.0 365.0 
192.0 365.0 
192.0 365.0 
379.24597 441.73926 
391.46695 482.04633 
192.0 365.0 
192.0 365.0 
192.0 365.0 
192.0 365.0 
313.6888 458.94226 
315.88715 484.83737 
280.63074 436.4645 
192.0 365.0 
254.76144 458.70343 
192.0 365.0 
191.0 364.0 
191.0 364.0 
191.0 364.0 
191.0 364.0 
191.0 364.0 
377.616 440.88 
389.38495 482.30597 
191.0 364.0 
191.0 364.0 
191.0 364.0 
191.0 364.0 
313.48273 454.5453 
314.34363 485.1136 
280.35178 441.52643 
191.0 364.0 
191.0 364.0 
191.0 364.0 
416.0 314.0 
416.0 314.0 
416.0 314.0 
416.0 314.0 
416.0 314.0 
535.12537 348.71957 
525.29675 323.3127 
416.0 314.0 
499.62225 330.61713 
416.0 314.0 
481.2212 344.42828 
489.6355 344.5405 
486.66147 329.89462 
416.0 314.0 
458.50912 338.14294 
416.0 314.0 
416.0 314.0 
416.0 314.0 
416.0 314.0 
416.0 314.0 
416.0 314.0 
416.0 314.0 
535.50995 348.64288 
525.7825 323.4635 
416.0 314.0 
499.2638 330.69855 
416.0 314.0 
481.15067 343.6848 
489.41962 345.0401 
486.26953 329.9521 
416.0 314.0 
458.6913 338.54526 
416.0 314.0 
416.0 314.0 
416.0 314.0 
416.0 314.0 
416.0 314.0 
416.0 314.0 
416.0 314.0 
535.69855 348.60138 
525.668 323.60327 
416.0 314.0 
499.59613 330.5629 
416.0 314.0 
481.269 343.71457 
489.72278 344.94778 
486.5044 329.8781 
416.0 314.0 
459.55505 338.4757 
416.0 314.0 
416.0 314.0 
417.0 313.0 
417.0 313.0 
417.0 313.0 
417.0 313.0 
417.0 313.0 
535.62695 348.83868 
526.4699 322.68707 
417.0 313.0 
500.5645 329.2962 
417.0 313.0 
481.34116 344.72278 
489.0637 346.12292 
485.7529 330.3832 
417.0 313.0 
417.0 313.0 
417.0 313.0 
417.0 313.0 
417.0 313.0 
417.0 313.0 
417.0 313.0 
417.0 313.0 
417.0 313.0 
535.49854 348.4209 
524.81665 322.5016 
417.0 313.0 
500.416 329.29053 
417.0 313.0 
481.77283 344.73007 
488.9436 346.37195 
485.10852 330.7155 
417.0 313.0 
417.0 313.0 
417.0 313.0 
417.0 313.0 
