fall
841.0 288.0 
841.0 288.0 
841.0 288.0 
841.0 288.0 
841.0 288.0 
879.10455 357.9195 
942.69995 363.92603 
859.90485 397.3751 
953.3618 410.33618 
856.0868 424.54712 
931.8096 433.14545 
880.2876 439.46738 
918.59753 442.30643 
867.54456 492.83273 
907.6957 493.2223 
874.14905 544.8728 
903.55725 548.39355 
839.0 298.0 
839.0 298.0 
839.0 298.0 
896.68256 328.20078 
925.07263 328.14355 
883.5702 363.56964 
943.56506 366.17407 
859.7837 404.8686 
954.7031 412.66193 
846.9854 416.81082 
929.94977 431.22278 
881.51587 454.78116 
919.84686 458.77747 
861.5196 497.17697 
906.83716 495.58582 
874.7268 546.8924 
903.3205 546.5103 
827.0 299.0 
827.0 299.0 
827.0 299.0 
895.05 335.05612 
925.574 333.51254 
883.59 366.51755 
943.23254 368.2971 
859.875 404.53918 
956.9377 413.99152 
827.0 299.0 
933.35504 427.13235 
884.2227 450.25372 
923.45483 452.7122 
859.21515 495.16455 
903.6646 499.48203 
877.05774 544.4335 
906.3504 545.71277 
817.0 309.0 
817.0 309.0 
817.0 309.0 
896.0115 339.77133 
926.126 335.57773 
882.615 371.45047 
943.69257 371.71713 
855.6321 398.98993 
959.55054 417.9965 
836.79736 391.96613 
935.9379 429.06033 
883.24274 453.64316 
922.48975 457.1754 
856.0027 495.09467 
901.31555 502.25952 
877.5701 541.9959 
909.34973 545.87427 
818.0 313.0 
818.0 313.0 
818.0 313.0 
895.1143 350.96426 
924.3688 344.97183 
885.2582 382.64032 
943.3638 376.91318 
844.40204 391.41443 
961.64246 420.41193 
834.15344 375.63965 
940.2278 422.97845 
890.2593 465.37003 
924.56836 465.99567 
852.0169 496.33987 
898.0372 507.88867 
883.3356 544.3794 
911.13336 539.7709 
831.0 324.0 
831.0 324.0 
831.0 324.0 
896.2287 354.29034 
923.38025 351.88736 
884.7838 383.0741 
940.86896 379.0579 
848.89386 384.22467 
964.0763 420.92276 
850.34924 364.65543 
948.26135 430.1564 
888.465 472.94022 
924.54395 473.20068 
849.5731 500.88983 
893.72797 513.024 
887.75006 539.5728 
907.0448 531.4508 
835.0 327.0 
835.0 327.0 
835.0 327.0 
894.85223 358.6619 
922.6725 356.7365 
884.0036 386.1172 
939.57587 382.58807 
858.947 384.66568 
963.3595 419.52838 
852.76117 361.739 
942.7897 432.0564 
890.46295 476.7215 
929.1167 479.42648 
850.81836 498.45636 
896.27124 514.1926 
883.2659 539.9321 
835.0 327.0 
835.0 338.0 
835.0 338.0 
835.0 338.0 
895.7622 361.69598 
922.5974 361.5954 
888.44336 391.35004 
940.1869 387.8022 
864.47766 385.81305 
963.27423 421.17053 
868.7957 358.77502 
947.9432 432.80286 
893.1426 485.04266 
931.0175 484.12912 
854.7413 500.82117 
889.34564 518.80865 
883.12067 544.9965 
835.0 338.0 
836.0 341.0 
836.0 341.0 
836.0 341.0 
894.1536 372.6966 
923.78986 372.32874 
884.8468 394.8826 
939.66327 395.3813 
861.0351 384.3215 
964.5892 422.71802 
880.12396 363.9298 
946.82294 440.84775 
892.2213 482.90805 
929.7598 487.40646 
854.0683 499.17953 
836.0 341.0 
885.19324 543.74335 
836.0 341.0 
844.0 344.0 
844.0 344.0 
844.0 344.0 
844.0 344.0 
923.92633 378.6425 
884.14636 398.1797 
939.9592 403.08463 
862.90594 391.45142 
963.1032 432.115 
882.0488 376.11478 
844.0 344.0 
894.2311 492.27365 
931.9218 495.19946 
855.35675 497.84845 
844.0 344.0 
882.6672 542.6594 
844.0 344.0 
844.0 356.0 
844.0 356.0 
844.0 356.0 
896.34344 382.2098 
924.8456 385.5057 
881.25354 401.21988 
937.6989 409.13104 
860.24945 397.81186 
963.21063 436.73932 
886.3346 388.11206 
844.0 356.0 
897.05725 494.237 
934.75684 502.29745 
858.3787 499.80194 
844.0 356.0 
885.97363 539.82666 
844.0 356.0 
845.0 359.0 
845.0 359.0 
845.0 359.0 
898.4368 390.67825 
925.87463 394.12347 
889.907 412.05316 
940.62744 419.62598 
859.3233 412.9313 
959.60236 454.73154 
845.0 359.0 
845.0 359.0 
904.7949 500.9776 
938.5557 508.18317 
862.2468 499.6775 
845.0 359.0 
887.45917 542.5499 
845.0 359.0 
845.0 371.0 
845.0 371.0 
845.0 371.0 
900.51953 398.9026 
927.83386 400.37314 
892.5352 419.78305 
940.35944 425.58484 
863.42786 431.59503 
958.904 458.5816 
845.0 371.0 
845.0 371.0 
903.0109 505.81006 
941.84595 511.08862 
863.8623 502.66705 
845.0 371.0 
889.54626 543.76166 
845.0 371.0 
847.0 375.0 
847.0 375.0 
847.0 375.0 
905.3277 403.07623 
931.37897 407.72388 
900.9742 425.01016 
948.2517 434.75568 
871.25195 448.77563 
847.0 375.0 
875.2498 428.62848 
847.0 375.0 
910.19556 505.7094 
945.6656 514.0772 
869.6125 505.4486 
847.0 375.0 
891.8747 544.286 
847.0 375.0 
859.0 381.0 
859.0 381.0 
859.0 381.0 
908.4808 408.762 
934.5883 412.0301 
904.85944 429.06924 
949.70105 438.3929 
875.3543 459.1075 
963.8788 473.3199 
859.0 381.0 
859.0 381.0 
913.64355 506.35742 
950.8165 513.072 
873.5612 512.59204 
859.0 381.0 
900.0689 544.1612 
859.0 381.0 
863.0 395.0 
863.0 395.0 
863.0 395.0 
911.0267 414.31232 
863.0 395.0 
910.77386 433.23834 
951.5477 442.99866 
881.32184 465.47653 
863.0 395.0 
863.0 395.0 
863.0 395.0 
914.89246 512.82776 
950.3306 520.0308 
874.1105 517.593 
863.0 395.0 
863.0 395.0 
863.0 395.0 
869.0 401.0 
869.0 401.0 
869.0 401.0 
869.0 401.0 
869.0 401.0 
915.5779 439.30444 
966.8044 455.6489 
886.97986 468.5766 
972.71027 496.9611 
869.0 401.0 
869.0 401.0 
915.8108 510.9225 
953.55896 522.04956 
869.0 401.0 
869.0 401.0 
869.0 401.0 
869.0 401.0 
877.0 410.0 
877.0 410.0 
877.0 410.0 
877.0 410.0 
877.0 410.0 
919.1171 444.10312 
974.21985 465.9145 
896.03217 474.64594 
877.0 410.0 
877.0 410.0 
877.0 410.0 
917.5947 512.66174 
956.2425 523.38855 
877.0 410.0 
877.0 410.0 
877.0 410.0 
877.0 410.0 
880.0 414.0 
880.0 414.0 
880.0 414.0 
880.0 414.0 
880.0 414.0 
923.07764 447.8063 
977.7877 466.05252 
903.98584 479.81406 
880.0 414.0 
880.0 414.0 
880.0 414.0 
925.42413 507.65894 
959.56433 518.8432 
880.0 414.0 
880.0 414.0 
880.0 414.0 
880.0 414.0 
821.0 437.0 
821.0 437.0 
821.0 437.0 
821.0 437.0 
821.0 437.0 
944.3219 455.89194 
993.3903 478.59766 
924.0546 477.26022 
821.0 437.0 
821.0 437.0 
821.0 437.0 
940.23956 497.30817 
969.19116 515.47784 
821.0 437.0 
821.0 437.0 
821.0 437.0 
821.0 437.0 
