walk
318.3666 216.8882 
319.13867 213.19562 
314.45087 213.7033 
284.0 190.0 
305.52838 216.28017 
328.34763 232.01968 
297.46075 238.59311 
341.92215 254.57635 
292.57858 267.95483 
354.19693 274.77838 
294.97803 292.9483 
327.32797 288.84464 
309.58228 292.16107 
327.97046 323.55225 
321.57352 324.89218 
316.35834 354.03662 
336.31775 365.7268 
321.02863 217.58208 
322.14194 213.9082 
317.1257 214.74922 
286.0 192.0 
307.9898 217.03075 
329.3928 233.48509 
299.82257 239.10872 
343.66797 255.83304 
294.46973 269.01187 
355.12518 275.80725 
297.08075 294.6598 
329.15082 291.02005 
312.62808 294.15463 
320.70404 325.3061 
326.35025 326.8177 
310.70755 356.40265 
339.7527 369.17554 
322.2478 216.91147 
323.3485 213.14005 
318.20154 213.92346 
287.0 192.0 
309.708 216.78914 
331.92203 232.88556 
302.37585 240.00186 
345.48126 255.87325 
296.43896 269.92996 
355.9431 276.0187 
298.77423 294.3156 
333.78564 289.59143 
316.1561 292.85248 
325.38773 323.98477 
328.99796 325.76028 
312.17365 351.3643 
339.15933 366.87164 
324.36462 216.49762 
325.04486 213.03922 
320.76193 213.83694 
288.0 192.0 
312.27036 216.45091 
332.71368 232.73676 
303.702 239.96481 
346.71994 253.95549 
298.83456 271.06183 
355.28333 275.22913 
301.22128 295.7941 
335.093 290.07318 
317.77023 294.71793 
331.86337 325.77164 
332.12988 328.0778 
313.35962 352.70578 
341.11972 369.9724 
326.47153 217.27782 
327.08926 213.6523 
322.81375 214.6152 
289.0 192.0 
314.09525 216.94815 
334.69208 232.13454 
305.57834 240.57356 
347.98907 254.2839 
300.77112 270.9533 
355.87277 275.4782 
302.9618 295.94803 
339.06473 289.03726 
321.12405 293.68152 
337.69156 325.4386 
332.36948 327.96417 
320.8537 346.50903 
341.00726 369.18643 
328.09024 217.56477 
329.32217 213.71104 
324.37 214.3314 
290.0 192.0 
316.1202 216.42151 
337.46506 232.75854 
308.1974 239.86542 
349.8155 256.76904 
302.1264 270.55264 
356.90994 278.03677 
305.28308 296.11444 
340.62964 289.85358 
323.26227 294.11554 
338.66687 324.32037 
332.96228 327.2525 
321.80234 344.42084 
341.4133 368.6558 
330.60095 216.99796 
332.0111 213.57251 
326.8741 213.9231 
291.0 192.0 
318.6246 216.22261 
340.30475 233.70343 
310.21185 239.1351 
350.98492 257.69397 
305.0508 269.4284 
357.59018 279.74826 
306.6541 294.46198 
342.3981 288.6216 
324.47833 293.2919 
341.97498 323.4343 
331.90155 327.0753 
325.64474 347.56638 
340.98886 368.35806 
333.82288 216.7813 
335.28326 213.54813 
330.109 213.61392 
293.0 193.0 
320.92737 215.5701 
341.21082 234.04964 
311.91864 239.26987 
352.46704 259.3013 
307.17322 269.9639 
359.0365 281.0968 
310.10126 294.20966 
344.96332 289.19733 
325.94684 293.75888 
345.79272 321.97552 
331.62592 327.73438 
293.0 193.0 
340.87918 368.15662 
335.57208 216.43626 
336.7678 213.17482 
331.685 213.29636 
295.0 193.0 
322.65863 215.40126 
342.65903 233.48817 
314.3718 238.0495 
353.67493 259.4359 
309.9185 268.2472 
359.2602 280.9876 
312.7909 293.108 
346.46652 288.87585 
328.09247 293.49155 
347.08557 320.9802 
332.57593 326.18555 
295.0 193.0 
341.13727 366.2882 
337.98138 217.33273 
339.21017 213.92047 
334.81824 213.84029 
296.0 192.0 
325.43515 214.6431 
345.43103 233.91753 
316.48447 237.73058 
355.3124 260.80823 
311.34995 268.54495 
360.71136 283.84036 
314.08475 293.4947 
348.52744 290.2069 
329.11578 294.1273 
350.33105 324.86115 
333.6048 328.264 
340.42188 353.30112 
340.86215 365.90048 
339.67285 216.38795 
340.5351 213.16817 
336.41016 212.90794 
299.0 191.0 
327.08807 214.11176 
346.65726 233.16705 
317.56296 238.39542 
356.00494 260.20093 
313.32285 268.92535 
361.8914 281.5915 
317.3026 293.63617 
351.01913 289.92316 
331.24213 293.50366 
355.79135 325.91257 
334.51456 330.7483 
348.373 355.77985 
340.31512 367.18515 
341.65082 216.62201 
343.0057 213.31458 
338.3567 212.94615 
301.0 191.0 
329.2513 214.13658 
348.97174 233.91849 
319.99234 238.32814 
358.30243 261.94138 
315.32202 268.77985 
362.78683 285.07288 
319.76428 293.68427 
353.528 290.90515 
332.7046 294.45874 
359.9425 327.04425 
336.0366 330.81824 
352.23978 358.39673 
340.26218 367.25 
343.83493 216.925 
345.0752 213.5015 
340.3484 213.50189 
303.0 191.0 
331.15143 214.81659 
350.08313 234.12837 
321.95987 237.56853 
359.1983 261.43628 
317.16342 267.3581 
363.31323 285.5445 
321.32547 292.03156 
351.82465 288.41583 
332.5076 291.69626 
357.0586 326.1401 
335.15552 328.68326 
303.0 191.0 
340.6584 366.62766 
346.31088 217.91772 
347.4525 213.94238 
343.06314 214.5575 
308.0 192.0 
333.48422 216.02838 
352.4354 235.07079 
324.69556 238.43939 
360.6849 263.4532 
319.367 267.6976 
365.7972 289.20404 
323.7999 292.24075 
354.6274 289.22824 
334.87628 292.75952 
366.48624 325.40088 
336.2002 328.93396 
366.92953 363.07092 
340.79102 367.8836 
348.16498 217.81097 
349.2372 213.84384 
344.43256 214.4528 
314.0 191.0 
334.83435 215.85353 
354.51733 235.54808 
326.7486 238.66483 
362.22705 264.27936 
322.58554 268.46716 
367.46674 288.1945 
327.0461 293.21188 
359.42346 289.29474 
338.59137 292.94867 
372.19553 325.737 
338.03128 331.095 
374.6038 365.81622 
341.3477 368.6996 
351.1905 218.5068 
352.55115 214.33261 
347.86353 214.6182 
311.0 192.0 
338.169 215.74226 
357.24536 236.22806 
329.20624 239.36021 
364.6889 265.59412 
324.41544 269.6254 
369.94492 291.02127 
330.28305 293.87823 
361.1581 292.0598 
340.4469 293.78656 
374.43472 327.68933 
337.80844 331.8063 
382.45734 369.891 
341.2042 368.70187 
353.2493 218.59137 
354.5451 214.6502 
349.77777 215.26532 
315.0 193.0 
340.71103 216.69383 
360.0351 236.4416 
331.75668 239.68575 
367.0355 265.44696 
327.13284 270.00247 
371.79254 290.1145 
332.54572 294.19092 
364.01337 291.63043 
342.80136 294.11398 
375.359 326.56302 
340.40033 329.5912 
388.30835 368.2003 
340.438 366.1554 
356.10324 219.1649 
357.0057 215.29437 
352.46384 215.34839 
318.0 184.0 
343.2247 216.97836 
361.89642 237.32089 
333.33313 241.51015 
370.17993 266.2149 
329.89297 272.63358 
373.97525 289.9184 
334.83624 296.55814 
366.3591 293.28204 
346.866 296.78088 
378.0349 329.13998 
342.1496 332.23984 
392.93884 369.4917 
341.5622 366.87735 
358.8339 220.05182 
359.90222 215.9987 
355.4573 216.00775 
321.0 183.0 
345.3595 216.59172 
364.94232 237.86644 
335.9981 241.78876 
373.22165 266.30518 
332.54416 272.37076 
377.33182 289.00543 
337.75418 297.29758 
369.30695 291.9049 
349.43668 295.48404 
379.17645 326.99753 
344.34137 331.33698 
393.07565 367.96228 
341.55304 366.89816 
361.26117 220.62193 
361.86093 215.98177 
357.37506 216.84167 
323.0 191.0 
347.9063 218.67247 
367.28195 238.07321 
339.8657 241.63531 
374.5812 266.69543 
335.8197 272.17313 
323.0 191.0 
340.97446 297.26196 
372.56186 292.69104 
353.27835 295.80115 
382.42865 328.69647 
346.87283 331.23315 
394.47797 370.39633 
342.34958 365.90558 
363.91788 220.38948 
365.00482 216.76062 
359.9265 217.07495 
324.0 184.0 
351.13586 218.91113 
370.44028 238.9749 
341.99744 242.57375 
378.71207 267.68665 
338.2405 273.85678 
382.19427 289.62305 
343.91473 298.7691 
374.2251 293.79617 
354.58878 297.73077 
385.23285 330.24622 
347.63138 333.26117 
395.15802 371.44427 
342.58316 366.98068 
367.0703 219.8287 
367.75345 216.18658 
363.18317 216.63022 
326.0 192.0 
353.94382 219.0746 
373.52112 238.45737 
344.88425 242.28531 
381.4523 266.15594 
341.47565 274.06506 
386.85538 288.66006 
345.92838 299.57965 
378.7975 293.5752 
357.71042 296.89584 
386.74472 328.8565 
350.11676 331.22827 
394.56244 370.57013 
342.9235 367.67328 
368.74365 219.3396 
370.12015 215.88959 
364.83188 216.27307 
335.0 192.0 
356.37402 218.87733 
376.9439 238.77557 
347.73578 242.42523 
385.00235 265.90012 
345.20544 274.72433 
390.47357 288.00882 
349.421 300.11725 
383.85995 294.2692 
362.23065 297.90753 
388.90894 328.9848 
356.2014 332.3595 
394.78534 370.86115 
343.72406 366.36102 
371.80798 217.58359 
372.769 214.07738 
367.4569 214.30048 
336.0 192.0 
359.25497 217.0517 
379.45773 237.43863 
350.622 241.43895 
387.77103 265.23724 
347.8539 273.4344 
393.4763 287.07892 
351.4778 299.80173 
386.65564 294.8814 
365.99344 298.2464 
390.8437 331.69574 
359.26248 331.43927 
395.2803 370.8615 
345.68234 364.00812 
376.14655 218.60663 
377.21292 215.32869 
372.7776 215.3841 
337.0 195.0 
363.25253 216.99037 
382.64532 236.65656 
353.10785 241.24594 
391.55432 262.45126 
349.2009 272.48615 
397.53003 283.8169 
352.8292 298.27957 
389.2297 291.86395 
369.20804 295.81735 
392.35577 330.09686 
362.81143 331.03122 
395.26276 369.8508 
347.83054 365.22913 
378.64438 218.08084 
379.92102 214.34229 
374.8642 214.97917 
339.0 193.0 
365.3265 217.10211 
385.39838 235.91699 
356.4023 240.59921 
395.15128 262.3748 
351.16553 271.9175 
401.18326 283.97354 
354.962 298.82788 
391.8054 291.93536 
372.4922 296.20013 
393.36917 331.29745 
366.04416 334.08566 
394.82483 371.47437 
350.16895 362.8911 
380.32913 217.99333 
381.58923 214.48895 
376.45538 214.89706 
340.0 186.0 
367.30988 216.94647 
387.38098 235.33362 
358.0643 239.72632 
398.38104 261.98163 
353.7865 271.61255 
406.0833 282.8346 
357.44135 299.38306 
394.01266 291.79272 
373.43082 296.89868 
395.18973 332.70367 
370.59955 334.68643 
396.12894 372.6919 
354.74896 358.2135 
383.59375 217.87508 
384.3724 213.74591 
379.09674 214.90009 
343.0 192.0 
370.01865 217.703 
390.25162 234.58734 
360.63495 241.30852 
401.46738 261.11206 
355.91672 272.8085 
409.30237 283.64938 
359.08237 298.93198 
396.47845 294.81042 
376.14456 298.52087 
397.71848 334.02002 
374.00467 336.4908 
396.3849 372.36987 
358.80963 361.02753 
384.77234 217.92195 
386.1428 214.14189 
380.4823 215.05966 
345.0 193.0 
371.3236 217.73566 
391.9466 234.80257 
362.234 240.48424 
404.3435 260.34415 
357.4056 272.20685 
412.8931 282.82013 
361.34464 298.4793 
397.36465 294.18768 
377.6375 296.752 
398.21277 333.28186 
378.96014 333.94525 
396.56085 371.56055 
365.18066 359.90833 
386.40042 217.97133 
387.21875 214.38472 
383.00302 214.70973 
348.0 192.0 
373.7312 217.05724 
394.12817 234.88889 
364.6103 241.09282 
407.23657 259.37946 
359.36017 272.7273 
416.43817 279.88553 
363.33972 299.04675 
398.16635 295.57065 
379.20892 299.3293 
399.5927 333.87274 
382.23688 334.69366 
396.33728 371.42413 
370.22736 362.46692 
388.69913 218.11356 
389.37616 214.33453 
384.61148 214.92302 
351.0 185.0 
375.54315 216.95401 
396.01038 234.52275 
366.16153 240.50671 
409.17084 258.3929 
361.35382 273.39594 
420.50558 280.68152 
366.09985 299.7923 
399.72418 295.35995 
380.78787 298.4842 
399.4378 334.70557 
384.08963 334.7144 
397.4198 371.7033 
377.56177 370.72324 
390.75873 218.14091 
391.38657 214.33727 
386.60547 214.78757 
353.0 186.0 
377.7935 216.67792 
398.05066 234.64963 
367.92184 241.00667 
412.2054 259.3272 
363.54562 273.72375 
424.33063 281.05255 
368.2478 299.8733 
400.88837 295.8768 
382.35422 298.67694 
400.61646 335.04663 
387.58447 335.54047 
397.26038 372.08423 
384.11655 372.83203 
392.91977 218.07402 
393.8493 213.75436 
388.26657 214.74586 
356.0 189.0 
379.36142 218.0073 
400.24292 235.27054 
370.55228 241.47379 
414.79858 261.3577 
365.15198 273.32288 
427.73898 281.43466 
369.9018 299.44254 
402.76373 296.09412 
384.8614 298.52408 
401.57962 335.16833 
390.60275 336.81714 
396.87006 372.49777 
390.03787 376.3401 
395.45944 218.999 
396.04822 214.80194 
391.24026 215.20752 
358.0 190.0 
381.06433 217.44896 
401.88287 235.58325 
372.0407 242.09167 
417.23468 260.99332 
367.17505 273.8489 
430.23065 281.26184 
371.17316 299.47412 
405.1303 296.89136 
387.5289 299.4301 
403.35367 335.91736 
392.95554 338.57358 
398.7514 374.21503 
395.30966 379.16803 
396.2568 219.22922 
397.4922 215.64276 
392.5062 215.81386 
360.0 191.0 
382.6492 217.80292 
403.56787 236.91808 
373.6006 242.11644 
419.22534 261.42093 
368.2954 274.12006 
432.3487 281.53815 
372.91208 299.73322 
406.30316 297.7721 
389.2516 301.7115 
401.82877 337.77582 
395.38516 338.78766 
397.5446 377.0205 
400.02963 380.83087 
397.83246 219.69223 
398.40082 215.79446 
393.4155 216.64627 
362.0 193.0 
383.97226 219.73436 
405.62418 236.692 
374.9437 243.51805 
420.3806 261.4614 
370.2276 275.23322 
433.30292 279.8159 
374.23077 300.42264 
407.96573 299.51477 
390.744 303.0484 
403.26953 341.84933 
397.7777 342.83844 
404.3441 383.29303 
400.49542 385.74176 
399.77716 220.61754 
400.73938 216.66327 
395.07898 217.39264 
364.0 193.0 
385.7048 220.36395 
407.20676 237.7861 
377.1977 244.18654 
421.68002 261.3501 
371.80734 276.14636 
433.8474 280.22754 
374.94077 301.76068 
409.14148 299.14267 
392.03314 303.05267 
405.44882 340.22174 
399.79846 341.947 
397.44363 380.20834 
407.8825 385.14355 
402.38992 221.79172 
402.93137 217.5921 
398.0901 218.00896 
365.0 193.0 
387.8136 219.95476 
408.64697 238.46521 
379.24054 245.32393 
423.89398 263.12134 
373.7042 276.62213 
437.40515 284.22046 
376.89777 302.40424 
411.46167 299.96576 
394.19788 303.35748 
409.2649 337.22623 
401.67148 339.74768 
365.0 193.0 
408.18484 379.35236 
403.2455 222.7132 
404.13742 218.65575 
398.98752 218.88351 
367.0 194.0 
389.39423 221.11824 
410.41986 239.52834 
380.80167 245.31506 
425.3588 264.21246 
375.70758 278.02545 
438.22168 284.81494 
378.82126 303.80682 
412.9997 301.32025 
395.70953 304.1267 
407.4523 342.1444 
405.15466 343.5464 
397.6252 383.09372 
416.29276 385.83588 
405.74353 223.19699 
406.07523 218.94608 
401.3628 219.73381 
368.0 195.0 
390.8628 222.58292 
412.5443 240.25331 
382.15607 247.54663 
426.7787 265.62976 
377.14767 279.2099 
438.92554 286.84775 
380.05124 306.1068 
414.96606 301.6985 
397.56015 305.62363 
409.03223 341.2857 
407.55374 342.3523 
397.09714 379.20465 
418.84134 385.19257 
406.99512 225.92123 
407.6985 221.33463 
402.65665 222.24316 
368.0 196.0 
393.1697 223.79688 
413.4122 240.67572 
384.14346 248.26187 
427.77225 266.54202 
378.6789 280.40027 
439.36115 288.23102 
382.7276 307.47586 
415.90854 302.2177 
398.52533 306.06607 
407.963 342.70947 
410.44775 343.5086 
397.4672 379.5494 
421.06702 385.70416 
408.74622 226.11346 
409.57443 221.36935 
404.31836 222.42966 
369.0 197.0 
394.9398 223.64679 
415.20682 241.13573 
386.22287 248.57141 
428.05127 266.6219 
380.74182 281.2945 
437.95142 289.9085 
384.69943 308.40234 
417.04578 304.23907 
400.40366 308.01147 
407.8222 342.4685 
412.69385 344.0988 
397.6889 375.75024 
422.71906 386.99243 
409.76178 224.67834 
410.789 220.67874 
405.19724 221.1384 
370.0 198.0 
396.56943 223.75937 
416.84686 241.43005 
388.05658 248.49283 
429.1441 266.96057 
383.20572 280.74893 
436.7485 289.93915 
386.36368 308.3299 
419.11475 302.3742 
403.02026 306.8355 
411.6887 340.82397 
413.79572 343.99677 
397.94888 370.5771 
423.79254 388.79504 
411.66284 224.18837 
412.87823 220.56111 
406.93533 220.99232 
371.0 197.0 
398.60217 224.30353 
418.77313 241.00223 
389.70047 248.4786 
430.70337 266.87476 
385.32184 281.2768 
436.68484 290.11893 
387.94693 308.6191 
421.02267 302.44406 
404.7485 307.3942 
417.26495 341.64777 
414.72882 344.08362 
400.65265 367.63153 
424.65973 388.6236 
413.82217 224.85735 
414.71243 220.7017 
409.86508 221.86636 
372.0 197.0 
400.48734 223.60266 
420.69888 241.63768 
391.7507 249.20401 
431.56067 268.03027 
387.1614 282.0501 
436.0865 290.4522 
390.26242 309.38492 
422.4868 304.21674 
406.04565 308.15042 
421.2607 341.78906 
416.0467 344.58008 
406.82288 365.84387 
423.90744 388.04468 
416.32178 225.0023 
417.2708 220.89641 
411.8479 221.61745 
381.0 197.0 
401.8668 224.15172 
423.21512 242.83403 
393.961 248.55183 
432.34106 270.0904 
388.92917 282.43787 
436.04706 294.36395 
392.30087 309.3531 
425.54837 302.07227 
407.6045 305.71008 
421.2464 341.70233 
415.10086 343.77063 
381.0 197.0 
423.70956 387.3225 
417.16473 223.8048 
418.82953 219.60315 
412.22366 220.313 
382.0 197.0 
402.67603 223.24869 
425.07144 242.76666 
396.30417 249.04797 
433.66953 270.9524 
391.0459 282.09814 
382.0 197.0 
394.9946 309.29532 
428.8759 302.71564 
411.30087 307.0021 
427.2757 338.10773 
415.67657 342.84372 
382.0 197.0 
423.9062 388.12894 
420.33856 225.30196 
421.3321 220.84775 
415.98065 221.3305 
384.0 197.0 
406.12518 223.41266 
426.6775 243.8494 
397.61557 249.37141 
435.1348 273.2351 
393.8008 282.72577 
384.0 197.0 
397.39795 310.09866 
430.0841 303.59247 
411.3391 307.65796 
429.63043 340.81622 
415.75674 344.89484 
384.0 197.0 
423.93152 386.95642 
423.7852 226.84407 
424.34506 221.79898 
419.68222 222.91273 
385.0 197.0 
409.545 225.15717 
428.19202 243.89314 
399.6709 249.36794 
436.39093 273.75336 
395.8192 282.7403 
385.0 197.0 
399.53128 309.79135 
430.3808 305.5554 
413.01755 309.01083 
428.03 343.60352 
417.53036 345.79156 
385.0 197.0 
423.98526 387.8573 
424.67566 227.20512 
426.0476 222.86798 
420.79236 222.97882 
386.0 197.0 
410.9627 224.51337 
429.74747 244.12727 
401.42633 249.12076 
437.99814 272.85474 
396.74634 281.24924 
386.0 197.0 
401.6515 309.85272 
431.46426 303.7664 
415.09518 307.00604 
427.32736 344.8611 
418.67535 345.6244 
386.0 197.0 
424.08212 386.9613 
426.64368 227.44864 
427.9355 222.86674 
422.22153 223.84146 
389.0 197.0 
412.44342 225.444 
431.9295 244.47478 
403.82248 249.159 
439.18805 273.4907 
400.0251 281.69385 
389.0 197.0 
404.72873 309.29025 
435.28397 302.09958 
417.99823 306.6471 
434.2617 343.4739 
420.77072 345.33835 
427.59955 377.25748 
423.98846 387.32367 
428.09116 226.61414 
430.12933 222.28802 
424.01855 222.7084 
384.0 197.0 
414.0668 223.6447 
432.5475 245.20859 
403.99734 249.75438 
440.98495 275.8855 
402.51678 283.09793 
384.0 197.0 
407.4134 309.53278 
435.7581 304.5874 
417.7004 306.8447 
438.7102 341.7749 
421.25446 345.80524 
432.84387 374.12903 
423.72183 384.8369 
430.99857 226.96988 
432.15442 222.8103 
427.1522 223.24934 
387.0 198.0 
416.18768 223.99722 
435.536 245.86038 
405.9363 249.1647 
443.4614 275.57208 
404.3518 282.02698 
447.34836 298.4013 
409.7379 309.3084 
437.72363 305.60413 
419.04443 308.76666 
440.279 343.8225 
421.41403 347.10645 
436.62045 376.94275 
423.3699 385.6864 
431.96863 227.40002 
434.00626 222.95831 
427.97165 223.22406 
390.0 197.0 
418.08234 224.78192 
437.28537 246.26976 
407.8184 249.30214 
445.36298 279.0425 
406.5431 281.71915 
390.0 197.0 
413.42603 308.94852 
438.32837 304.6455 
420.90073 307.78598 
436.37097 345.22787 
423.10062 345.95703 
433.52597 382.42792 
424.31342 387.1296 
395.0 199.0 
395.0 199.0 
395.0 199.0 
395.0 199.0 
420.72458 225.67914 
438.86703 246.54097 
410.9833 251.18365 
447.21893 275.71667 
408.90204 282.46164 
395.0 199.0 
416.7726 310.09854 
442.0715 307.00848 
423.39142 310.75208 
445.87863 346.19244 
422.38284 347.4126 
449.22852 384.95767 
424.21695 388.5899 
437.89816 228.86751 
392.0 198.0 
434.12128 224.90414 
392.0 198.0 
423.11432 225.35712 
440.84348 245.84554 
411.66916 250.77185 
449.4673 274.4411 
410.84576 282.60663 
455.0074 296.6207 
419.80197 309.92993 
445.82745 303.78857 
426.2062 308.04504 
454.42642 341.682 
424.8028 346.8324 
457.93152 385.82755 
425.0271 388.62674 
438.9007 229.85242 
440.1443 225.05975 
434.63284 225.96198 
396.0 199.0 
424.25818 226.95451 
443.45148 247.98026 
414.21625 251.48108 
451.58932 277.9528 
413.3551 283.44437 
456.7072 301.05896 
422.95544 309.87302 
449.9789 306.70935 
428.82443 310.32214 
459.3624 346.2765 
423.94574 348.7978 
466.93164 389.10376 
425.21704 390.4487 
442.2487 229.41714 
399.0 199.0 
438.4599 225.80167 
399.0 199.0 
427.6588 226.82416 
445.7606 248.375 
417.31873 251.8662 
453.90152 277.30353 
415.65906 282.6658 
459.124 300.39313 
426.96777 309.00363 
451.47995 307.80133 
431.5683 310.4042 
459.20483 346.77252 
425.77692 348.69897 
471.96484 390.15094 
424.69165 389.37256 
444.31503 233.93181 
403.0 199.0 
440.2881 229.97563 
403.0 199.0 
430.29376 229.27834 
448.29865 248.82602 
419.50055 253.02426 
456.95435 275.86804 
417.91415 283.3819 
461.6623 300.08478 
430.90878 309.2969 
451.08228 304.8844 
432.21973 309.76263 
460.0017 345.07385 
427.1032 347.26715 
473.27246 389.45557 
424.85904 388.56177 
406.0 200.0 
406.0 200.0 
406.0 200.0 
406.0 200.0 
432.78427 228.00058 
451.14325 250.04195 
421.86816 253.40927 
459.97296 278.25528 
420.3652 283.78122 
464.1046 301.84247 
434.1961 308.91284 
454.99042 308.08975 
433.40976 311.2424 
462.67334 347.88718 
428.22806 348.211 
474.76654 391.1769 
425.1501 388.87317 
449.89597 232.88316 
407.0 200.0 
445.86243 229.02654 
407.0 200.0 
435.2789 229.83826 
454.10303 251.09125 
425.3286 253.93979 
463.0069 280.23242 
424.68304 285.0374 
467.3362 306.0348 
437.5541 310.13608 
458.47845 309.66632 
436.98227 311.26917 
464.9717 347.82953 
430.04245 348.46033 
476.17093 392.57013 
425.86728 387.67023 
452.66125 231.9559 
408.0 200.0 
448.89566 228.27608 
408.0 200.0 
437.7038 229.2936 
457.29868 250.44339 
427.03397 254.7539 
465.85785 279.39426 
427.8616 286.32446 
470.7369 303.86545 
440.39313 310.14868 
461.2925 309.92337 
440.07648 311.6854 
467.0359 347.80786 
432.98773 347.83282 
475.89514 391.19507 
425.88937 387.39313 
454.1662 231.30087 
455.23422 227.30478 
451.05643 227.70917 
410.0 200.0 
440.8438 228.2839 
459.84903 250.14505 
428.74658 253.56729 
468.75024 278.8657 
430.29514 285.67172 
474.0148 304.4625 
444.32776 310.1728 
465.42603 309.66022 
442.43417 311.58514 
469.96738 346.63214 
435.6346 347.61768 
475.12173 390.30417 
426.75342 387.06775 
419.0 200.0 
419.0 200.0 
419.0 200.0 
419.0 200.0 
443.78186 228.0466 
462.2527 249.04974 
433.01874 253.6311 
471.54858 277.6809 
432.8762 285.20056 
476.7736 301.9801 
447.01462 310.20816 
467.86697 309.37366 
446.11154 311.67328 
472.71478 347.5979 
439.2041 346.84634 
475.572 390.67896 
427.3435 386.41284 
462.01898 232.70175 
419.0 199.0 
458.536 229.02313 
419.0 199.0 
447.9138 228.25522 
465.73178 248.53021 
434.75812 252.05017 
474.3606 277.2352 
434.70374 283.48068 
419.0 199.0 
449.9027 309.0656 
472.05673 307.32257 
450.23758 310.45126 
473.78275 346.85294 
443.26425 346.1161 
475.86572 391.2846 
428.33002 385.79416 
464.32187 231.50319 
465.866 227.21658 
460.84756 227.70117 
420.0 199.0 
449.66266 226.98987 
467.5454 247.8513 
438.59918 252.08655 
476.43292 274.82956 
436.14474 281.87915 
482.8577 299.18005 
451.97806 306.50537 
474.10583 307.83026 
453.78574 311.10254 
474.4116 346.63275 
446.39645 345.9756 
475.56354 390.24573 
430.558 383.60052 
420.0 199.0 
420.0 199.0 
463.04352 227.61852 
420.0 199.0 
452.75586 227.82013 
471.28152 247.21516 
441.0473 251.89334 
480.39145 274.024 
437.46445 281.64407 
486.01254 299.06085 
455.0418 303.65063 
476.45142 306.08298 
457.38223 308.97897 
477.25018 346.5666 
452.44202 346.20825 
476.61038 390.2947 
432.46564 381.40137 
468.9965 232.20285 
423.0 199.0 
465.77036 228.19772 
423.0 199.0 
455.6418 228.09105 
474.31134 247.65561 
442.826 250.97385 
484.21075 274.09012 
439.1431 282.08386 
489.716 298.31696 
461.3315 299.17694 
476.8039 304.12927 
456.13367 308.18533 
477.29434 346.2284 
454.02136 346.82532 
476.55554 388.7669 
437.23877 379.1575 
472.6885 233.62683 
426.0 199.0 
469.58472 229.56316 
426.0 199.0 
459.5912 228.96156 
477.15237 247.88153 
445.8132 251.7549 
487.15717 273.78656 
440.72308 280.8192 
491.98486 295.91772 
464.36142 291.977 
479.72574 306.28387 
457.90717 308.50015 
479.07553 347.8224 
456.9814 349.04324 
475.96335 389.38858 
439.91742 379.71948 
476.02332 235.80112 
429.0 200.0 
472.7124 231.94693 
429.0 200.0 
462.3778 231.80405 
482.16132 249.55084 
447.90442 253.84146 
491.7759 275.85852 
444.02145 281.78055 
496.82776 298.66248 
471.87857 285.70377 
480.7316 308.6649 
458.63284 309.64023 
479.52118 350.29596 
461.51303 352.06494 
477.29404 391.13693 
445.76938 380.3896 
479.32812 238.75372 
432.0 202.0 
475.58286 235.09805 
432.0 202.0 
464.82126 234.27075 
483.82416 248.90176 
450.1999 254.16881 
494.4729 274.31915 
447.6585 281.71564 
499.05557 299.00244 
475.32526 280.87076 
481.4799 309.9869 
459.8277 311.59055 
481.36755 351.82742 
465.90643 352.14948 
477.3302 391.62854 
450.9347 386.73932 
435.0 204.0 
435.0 204.0 
435.0 204.0 
435.0 204.0 
467.0435 235.78511 
485.2205 250.14737 
450.58826 256.31912 
496.83807 274.84375 
451.2381 283.13385 
501.7531 297.8756 
477.58362 275.5122 
483.3631 311.43542 
461.12006 314.3461 
481.90823 352.58475 
470.82437 352.59723 
476.3487 392.0235 
458.35114 391.3627 
483.72665 241.18301 
486.6157 237.13972 
480.06494 237.1577 
438.0 206.0 
469.59396 236.17342 
488.55408 252.16281 
453.67566 256.0968 
499.50745 277.00397 
454.53455 281.8275 
504.46872 298.58798 
479.08533 271.26404 
484.3382 311.9983 
462.49313 314.1357 
482.086 352.22534 
471.76498 354.06976 
477.03204 391.599 
467.8911 395.7992 
485.9677 241.84857 
488.61646 237.9041 
482.21768 237.65787 
440.0 208.0 
471.39163 236.15637 
490.11212 251.93907 
455.74585 256.37695 
501.25122 276.2872 
457.42957 282.41663 
509.1975 300.74698 
479.92142 271.82617 
485.5613 314.62384 
464.1303 317.86578 
481.22137 356.40677 
474.1867 357.40985 
476.26978 395.1657 
474.05338 401.77832 
488.75876 242.96902 
490.80646 238.65433 
485.36017 239.47607 
443.0 202.0 
473.90665 237.99304 
492.11145 251.95607 
457.24323 257.28302 
503.96652 278.7243 
460.30292 284.6972 
511.85312 301.906 
481.5879 275.16284 
487.8028 316.9693 
466.89124 320.52893 
483.6613 360.19763 
475.31595 361.35593 
443.0 202.0 
475.52985 403.72815 
491.47958 243.49237 
493.10474 239.36926 
488.39185 239.86751 
445.0 202.0 
476.36285 237.78448 
493.8293 253.04562 
459.2649 258.0762 
505.7312 279.01685 
462.25302 284.63483 
515.2265 302.28357 
481.47812 276.71313 
486.2633 316.97314 
467.3809 320.05356 
483.65677 359.3083 
476.19455 360.43494 
483.2088 400.5698 
479.62213 402.00293 
493.49326 244.41022 
495.28253 239.96596 
490.0221 240.82217 
447.0 210.0 
478.67572 239.04036 
494.8952 253.6148 
462.9659 258.89612 
506.14276 278.21304 
464.15417 285.73505 
516.2952 301.64462 
485.44656 278.5367 
487.51834 319.1803 
468.91364 320.91898 
485.23013 360.76556 
477.71967 362.0423 
476.98834 398.7568 
487.8746 403.7884 
495.0227 244.98106 
449.0 210.0 
491.7417 241.16655 
449.0 210.0 
480.749 239.14502 
496.02014 254.53159 
463.7026 260.65353 
507.19815 278.84546 
466.42804 288.21124 
518.0995 302.188 
485.46234 280.65417 
491.25107 319.69077 
470.96002 322.22797 
487.60965 358.5488 
478.50464 361.30078 
478.7331 396.48486 
486.45465 401.42712 
496.74295 245.11218 
497.90436 240.9829 
492.8015 241.67851 
450.0 204.0 
481.3042 240.61575 
497.2227 253.89838 
465.07895 260.89996 
509.2728 279.36435 
468.9018 289.29956 
519.507 303.2362 
491.11136 278.47968 
492.03976 318.47952 
472.7197 321.6279 
487.71234 361.58905 
479.71283 362.82504 
479.37292 400.87943 
487.2991 403.7005 
497.70093 245.34163 
451.0 205.0 
493.67328 241.24583 
451.0 205.0 
482.44843 239.68999 
498.6419 255.60443 
466.60355 262.7261 
510.41757 279.5909 
471.75845 290.36172 
519.9536 304.8308 
492.17056 278.98425 
494.4887 319.08862 
475.23264 321.94733 
494.2921 361.18433 
482.08133 362.42438 
451.0 205.0 
451.0 205.0 
499.3175 245.43913 
453.0 205.0 
496.17102 241.74701 
453.0 205.0 
485.02625 241.19188 
500.3005 255.53566 
469.14868 263.18646 
511.44812 279.7662 
474.39716 290.32983 
519.9426 304.78146 
494.67535 279.3735 
496.533 319.6469 
477.2976 321.92615 
498.906 360.2914 
484.96875 361.14487 
453.0 205.0 
453.0 205.0 
499.55423 245.82275 
453.0 205.0 
495.87695 242.49994 
453.0 205.0 
485.45615 242.14026 
500.71002 254.92374 
471.00656 263.1273 
512.4682 278.64008 
476.53958 290.5258 
519.3678 303.87802 
495.8243 280.6557 
498.55035 318.32706 
480.4216 323.68115 
497.5316 360.955 
486.9156 360.9616 
481.31384 390.60574 
495.91238 405.44067 
500.7909 245.8319 
454.0 205.0 
497.13034 242.33426 
454.0 205.0 
486.9617 242.29358 
502.61185 255.49106 
471.9779 262.70645 
513.40137 278.83093 
478.375 289.32306 
518.65924 302.12393 
497.70267 280.76465 
500.6315 318.73956 
481.0881 322.25967 
499.71216 359.01416 
486.15768 360.22095 
479.90292 385.67114 
454.0 205.0 
501.51273 245.86208 
455.0 205.0 
497.6711 242.3728 
455.0 205.0 
487.43887 241.68347 
503.56778 255.00388 
473.43228 262.8871 
514.43713 278.97736 
480.61728 288.52872 
519.04095 302.3096 
497.05557 277.5797 
502.53424 319.45258 
482.77396 321.72797 
504.10992 359.77652 
488.71933 361.44092 
455.0 205.0 
492.77734 399.3136 
502.77863 245.70395 
455.0 204.0 
499.19098 242.08942 
455.0 204.0 
489.39325 241.04239 
504.24188 254.22145 
475.48782 262.9796 
515.5406 279.42154 
484.15488 289.28555 
520.0555 304.20807 
500.8781 278.76227 
503.77872 319.2566 
485.06973 321.90857 
505.85938 359.62903 
490.40128 360.87863 
455.0 204.0 
496.5777 404.74194 
505.15726 245.25186 
456.0 204.0 
502.18704 241.3424 
456.0 204.0 
491.7898 240.92688 
505.27982 255.28738 
477.95743 263.54926 
516.57904 282.84125 
487.75403 289.63766 
456.0 204.0 
502.33765 276.16354 
504.84073 319.42404 
486.5017 322.5561 
506.7669 359.43176 
491.30988 360.38428 
456.0 204.0 
496.86542 404.971 
458.0 204.0 
458.0 204.0 
458.0 204.0 
458.0 204.0 
492.71606 239.94096 
505.83878 256.70767 
479.96448 264.33215 
517.0625 283.31653 
490.81274 288.86212 
458.0 204.0 
458.0 204.0 
505.189 318.47668 
487.7661 321.70172 
508.15768 357.53824 
492.45312 358.59616 
458.0 204.0 
494.868 396.25616 
467.0 205.0 
467.0 205.0 
467.0 205.0 
467.0 205.0 
492.7369 241.22696 
506.83768 257.65735 
480.35165 266.49722 
516.80347 284.57297 
494.1827 289.74225 
467.0 205.0 
467.0 205.0 
506.9289 318.36972 
489.97687 320.93716 
508.23746 356.33875 
494.09747 359.26187 
499.65985 390.67224 
496.50754 399.81937 
468.0 205.0 
468.0 205.0 
468.0 205.0 
468.0 205.0 
468.0 205.0 
509.4793 257.59567 
482.63516 266.4958 
519.1827 283.98447 
495.11115 291.98035 
468.0 205.0 
468.0 205.0 
508.73175 320.05957 
490.6089 323.23492 
508.48584 356.61847 
494.69595 359.79022 
503.5512 393.1399 
497.02972 402.62228 
